357322
730022
576780
13152
469276
393221
436330
785885
440005
944605
288536
844315
630562
591366
754271
873761
244207
406890
673073
58946
341437
569206
928704
566266
277142
656260
568749
480990
184321
505739
208173
931649
557438
387386
942180
601762
532945
205011
298762
205941
923092
470334
724120
156915
915881
896915
668492
555506
315773
921336
140077
880770
255799
389981
99483
44888
700723
828387
449745
112549
930345
10877
916283
722023
949526
853720
482175
437994
656723
339980
917539
433404
266061
588421
345705
710629
518943
489224
6220
529893
41915
48818
226713
20425
980277
986101
586978
838432
254873
282550
597766
830793
253932
662344
99394
775113
822120
31366
199429
859280
939093
581759
708749
114420
408408
9199
484368
446073
267196
204032
959508
312384
5847
443223
4211
361138
446266
587695
386322
423661
79331
995219
369038
152086
772264
645458
448882
991495
402765
850485
924860
976848
367899
55243
261622
315100
789686
31077
361839
754482
153863
834680
846089
872808
671448
924662
74294
413711
931038
873322
226998
198085
359240
153279
718713
758164
336873
14644
969820
620094
247884
606177
948617
131522
746086
80131
519504
704148
405208
698309
896795
854211
403445
938288
611092
503970
191562
743974
510660
796021
356703
110810
396859
645530
336035
425760
162721
546727
231870
582397
864212
856895
760567
133520
159590
611243
575617
691790
757450
3038
308864
729696
861461
563981
427562
201088
178363
40048
948409
168456
773441
221234
529885
953748
243896
434278
298242
556691
319338
256437
169426
284443
482208
161837
551089
579078
720357
400454
302170
168931
865014
907004
392506
350298
718096
240406
480212
768125
207041
286834
716585
148242
798354
205279
787132
613798
828122
578889
339595
833915
653351
2640
65296
297360
393968
1570
252378
661928
271564
775976
163478
568746
570382
178492
108110
478185
434117
910731
239925
675072
222276
975024
232873
975033
292369
103567
278710
876191
804899
283126
169964
606483
861624
323681
772203
877257
509438
454831
612089
411709
719992
45513
374328
666078
622338
57892
981471
812519
29197
172959
51767
715576
351863
759902
659147
608722
493745
428033
553078
53424
787026
55792
412881
605549
957788
618557
112277
114134
120884
344485
378930
894485
36539
30779
667515
504083
850954
458201
710145
621077
430643
471357
279154
584320
239618
828053
240833
888359
499983
26339
428367
414556
208457
253279
137788
409564
3083
196128
369437
812921
478056
508950
814382
270800
259943
591657
914068
455832
658013
868743
480317
281496
242149
950771
79265
419879
688811
939433
529666
435368
836061
650986
869688
217504
823467
236880
688721
877346
857429
372217
277866
231813
380300
652932
803992
284917
634292
121343
443370
319168
903690
883914
721321
691400
518547
736562
276664
932484
399985
110420
529663
670636
409260
955027
567463
914163
190337
423069
56960
269746
806382
609206
469409
330777
551979
666987
949472
393560
534946
731976
269157
483462
743587
268416
414049
711065
187844
879130
340274
107783
436293
603908
499260
850126
50017
477709
472537
62594
701357
685265
316823
396126
408682
594294
776142
625758
499105
365472
827948
935213
478248
9417
97511
600083
986186
254217
439050
491812
36055
222163
263255
997755
567396
964783
642810
188888
864268
884947
439325
954535
533783
579929
197350
385200
709595
217275
828463
300733
378695
693047
406200
121606
203143
218166
236362
866437
708424
896703
933157
12538
964996
185426
415326
463791
433261
148063
49088
652103
452373
394046
524172
195511
386186
690687
61492
672222
204650
325281
149943
159664
585563
365243
320501
788418
52804
393819
80440
345129
396296
262945
728995
466162
142207
500036
441308
461085
172839
895833
798346
112904
382624
44567
777478
898702
318573
214828
783030
886617
482419
288907
850006
129907
895147
693368
51444
399366
473483
865648
295786
141260
401383
445041
512456
192747
39785
649069
300199
306783
50903
940162
249903
596873
965225
611368
564662
163687
171109
510117
614577
316580
263668
647131
239729
128415
440458
509318
126848
269983
639052
186408
115681
527714
146400
816746
90868
955699
428360
62454
693016
74907
829367
939659
756484
533679
13054
31939
715989
548101
966126
48563
402804
307858
808473
681195
628047
652270
345309
908108
889360
625919
784136
396179
828251
160771
279582
700491
352286
451978
573519
245300
12172
313799
493809
700118
306905
640866
18738
591116
730180
52035
959409
845818
427531
101660
512869
780705
705714
630805
397102
94030
244509
546255
331349
247999
703830
36177
2078
732630
483723
754984
729793
246068
488219
183055
422362
460492
143797
109866
139399
970898
10045
368857
78791
175931
234755
415704
153714
707803
690185
799343
143779
287651
363351
496726
890835
661901
835503
272087
522779
352385
256490
634959
434796
617068
733343
311833
715659
642898
567640
839566
311185
759112
202686
124389
905826
31601
264760
984747
528450
53124
522317
916431
651279
458825
982664
112666
252957
82076
878308
401745
137483
636558
585035
395963
885845
530721
466072
840190
151064
838161
673802
353942
776109
495199
389448
28611
32855
875845
959742
26682
365463
487740
855072
712748
876506
506547
2028
403446
782242
226562
821973
341191
323856
963086
101664
184325
647857
241288
962353
66257
135346
443837
363061
80001
25002
327007
577939
948814
692736
957404
253862
701511
155662
396679
440672
2715
501559
668133
618823
897101
603270
533694
844923
656965
306593
487112
53355
503778
31176
514558
368748
758297
109719
488397
466925
476193
887215
225712
695786
523083
381368
465026
498837
935676
148086
821285
432873
199761
374103
471029
742862
998115
670676
392163
661051
296426
780799
503211
262604
871355
107827
1825
516849
985295
602794
965879
970847
153425
638758
764443
76043
325066
657888
46797
244736
516847
275507
758021
82860
302823
63057
825457
545653
14162
249114
167449
451722
750004
750965
717223
194505
10455
960739
82153
778625
900475
459367
753207
100742
468065
72132
502419
711775
892270
190792
960964
97325
40581
611845
405980
170225
755962
364572
882929
108148
836090
462777
749741
985956
512694
697960
764845
425715
45324
343591
474862
760474
975647
236909
50383
47772
801856
370002
896935
160666
198046
67129
619415
102860
737507
943386
888863
60597
609477
334145
519029
133713
846005
564443
878552
967734
523706
913214
306005
616632
476238
549548
321253
929634
232739
420788
607314
972045
878968
514402
250580
369005
624736
472933
319520
39739
369878
370719
999782
884474
303996
751738
91712
944444
503261
913367
478181
958515
538939
834016
820400
744702
317075
786479
678393
59532
184122
940949
37706
696716
305856
937435
611028
24825
251626
245075
329838
326213
550763
840259
13308
352085
503033
86378
887156
253798
980033
822274
285551
567101
499853
533082
17300
823075
831872
724612
268132
74927
722834
322651
384122
102129
287904
860563
732347
414836
884630
188240
261940
811277
42483
252095
746009
164212
838973
218661
732445
546565
62497
760717
257063
980216
513935
304682
633179
992693
693798
73398
74967
62099
99804
357675
679476
729753
138477
944456
326274
84788
740436
923755
916465
311134
840892
815895
73824
884519
711270
476920
226485
9003
695620
90710
762687
790809
574921
313433
468747
26890
365008
43860
80951
5189
184594
859051
773855
715285
451242
629792
214311
823096
716292
46480
568009
184786
486929
172329
581929
100126
514865
330674
851095
80627
534384
713856
17570
213777
148948
490663
183061
434332
759532
894664
660348
796582
857569
344273
493494
494771
533420
265269
845937
755142
669010
818909
541871
488444
986509
170528
449037
789348
699821
443933
189153
900558
784801
626477
705429
956135
422651
769854
985225
912641
126501
731898
49127
152224
521250
856650
781426
951211
72777
17922
822929
93237
426618
519007
633640
548053
425876
637380
386314
43487
571970
589375
405757
136120
490304
459786
570202
947746
261977
795285
272115
363802
726528
36845
174331
40419
913988
904483
341518
632424
644170
286304
420264
88877
232039
939618
81346
215550
220371
512238
983239
484421
981071
44044
916198
395684
907470
885685
287440
690830
283486
741171
32684
38271
460891
180397
903041
260867
544889
989098
785512
14136
10470
146387
658122
183419
959067
281851
918867
890802
138503
705145
944211
740765
990540
739936
65189
549945
610395
577473
620705
988463
691059
684020
710726
732249
607883
949084
510090
549069
451612
707504
708198
701428
829661
131885
442651
554079
764223
963418
741377
751516
97698
98863
737194
111813
521006
439946
715365
171983
358277
679057
424909
851122
435344
539795
608419
519593
445669
199830
171888
251900
123710
916149
988798
473066
122950
514665
820264
268000
8271
386301
356600
478194
138904
542435
534437
134126
693089
893608
262592
80649
476227
770895
820675
512749
598261
244879
189336
290586
624533
733611
815983
897791
89442
706199
838716
586754
516876
46769
461367
857285
510172
444007
592770
707366
984301
743858
533018
81913
269033
887158
437094
238000
149380
458764
614565
921384
809985
610669
933895
651230
772010
429453
481649
738421
358400
74914
162680
759130
98355
773976
333460
486163
455341
947441
211921
194874
196959
254652
939827
609078
672106
573593
681738
927998
760004
185716
806435
934781
597131
219027
106429
622286
662642
158331
235657
789728
71052
84570
680365
508312
807511
826702
820705
375008
79462
447577
702935
702129
397455
450948
683913
533596
516819
48641
55084
671299
818714
969662
527530
791960
3578
394314
685274
77307
571948
85290
556965
435400
207526
217831
51519
44413
209763
923006
43504
779672
484698
348361
176723
304098
461659
327235
735680
337741
533719
182721
428683
683070
752398
720415
277592
496407
993374
5838
73386
866778
151478
271920
472557
339040
475367
701875
420921
219835
893943
165681
773565
224387
297662
403224
884883
185399
834513
38577
329055
768773
17766
874264
200141
233947
227367
936914
170728
914832
547649
407510
907859
270437
597554
324203
522039
706137
574366
595763
528443
300656
800780
789411
570675
697791
389526
642528
42240
197573
608050
53644
795976
625477
623599
785851
960460
249955
793657
813623
945538
820262
953740
289497
346158
67855
741542
938374
442802
749642
856791
765819
850748
183099
359345
45200
921473
898937
541214
717672
938620
354018
224117
680936
386866
992025
803676
103537
331399
539855
341561
605960
967750
201849
814379
310551
11025
651826
853985
753869
207717
535519
924609
782041
391348
244971
737647
767736
283766
511035
167945
549577
622784
515821
26249
702588
486561
894041
795739
581894
692308
510623
914963
323177
143159
389881
329237
443271
451472
952481
508905
938048
208738
389723
368683
627164
985275
142119
74344
680587
313370
443395
675225
961239
346908
598417
770388
210760
565997
376082
632322
68475
846283
180530
911469
398908
275379
707149
367931
856098
508170
972339
69344
574599
499411
461663
342441
172695
440933
494060
701693
277584
84373
774889
357259
107777
390841
193156
2112
291759
963442
517937
348578
450459
767185
115886
897467
316989
226345
833101
928129
665095
5359
996139
872607
282860
978986
971418
980508
830381
113465
966908
756732
165957
39166
520386
264937
298500
451144
683204
68968
570096
129788
455924
342954
218457
431069
147943
785523
675481
303994
947989
950140
483694
636580
988617
720506
632359
359780
336083
860431
410819
366461
514722
329797
552202
16365
574771
787366
773884
810382
772615
853818
295433
549979
700959
412909
64593
41222
244204
610573
681063
186592
502401
754702
680881
561069
765731
200787
912228
260325
409393
877523
585955
966893
388045
228322
623728
358667
151068
430153
318899
86744
450986
968429
108717
567521
66829
705428
874361
109737
967284
834701
64335
946767
905918
697148
501608
256273
638842
380933
507162
496201
858290
763635
402572
583483
126188
551695
399936
135929
244481
803314
795066
306165
370373
846666
445664
527370
887442
976953
771644
896102
614820
925668
824758
922135
587175
316918
949264
299913
530214
379915
808939
618085
626585
188115
434235
384411
621188
538465
760378
807747
21404
638459
486522
994602
617023
804377
375736
962939
742839
901637
677450
75049
246155
250558
40106
846403
56824
66719
934199
444888
505244
388743
475837
125785
515703
818162
188183
136990
126340
994800
715787
973332
956532
786740
997256
336
644785
129775
827490
53294
190346
765002
622436
237111
459985
163134
962365
229903
557316
524937
801077
193022
287727
667170
70496
428130
559906
745248
139927
555652
819566
527140
36765
649656
229295
879085
380473
747066
253886
184778
841706
786144
513234
458263
175526
714349
951177
158881
209782
65366
194393
653821
85352
999412
971768
324107
992932
896496
501677
757727
356070
284203
254623
410237
411990
284155
527249
345319
611718
906605
221160
856389
861145
109138
217282
309987
200769
453054
223053
960713
185950
484105
43429
497033
698510
312971
277183
746527
484399
844067
439043
575514
414257
998814
68415
556089
620425
495486
105991
583436
341585
44257
810349
94597
682870
756217
554768
749746
151060
260681
591985
988583
790052
226099
25695
989163
815194
573712
617577
317965
992999
168367
400352
162435
666058
15997
648952
276423
17154
945394
780729
814777
366529
874710
263981
205084
778533
717281
908759
424189
160786
74409
653908
162351
734677
528162
58052
924093
710295
576417
343911
362041
173535
544586
837138
640620
230873
908151
581788
6052
259741
595017
574720
311192
225978
298070
937384
830504
475827
877179
57687
88188
240368
45158
57943
720600
214747
609975
582774
793195
521578
311293
12523
626450
789321
361524
722450
170781
343271
149942
905805
874114
197717
34973
120716
180962
296775
902959
551398
86143
511769
211746
980710
870880
914407
849936
612038
118874
475725
661569
325803
41920
632934
320111
181772
998671
559142
195423
938536
529859
87224
487126
756827
14420
231262
398034
935933
377254
628998
247296
121571
865446
995087
479445
596670
670847
955197
11028
96983
126642
428900
840429
435995
7705
114440
398603
487593
936516
664824
375105
830605
310561
126032
923814
745238
187828
599766
905825
570068
335974
935929
506144
554987
46258
218141
4615
660307
429014
746709
244995
194085
791855
693201
97669
394483
38354
821311
694577
995920
466427
835760
221051
298183
69079
656212
144082
854716
570607
777717
939393
112120
773257
77915
531996
76976
84133
189814
629566
480443
736282
139312
942785
56691
632299
783834
76269
126205
639539
896931
924463
545246
405768
772052
372002
906917
561925
766819
58819
338696
805407
358034
328063
840848
990688
401354
724166
348138
977288
652648
13826
55935
899139
243728
20516
832001
18884
224838
501577
820313
565918
924498
452528
714215
174292
734543
241175
369528
797485
600948
38854
706825
919634
248015
493673
37249
932429
690665
398931
156097
344783
64928
186889
582534
545309
472643
260529
461665
705054
544951
306357
717239
733401
613161
229997
853859
570281
712159
543855
722902
108487
575094
387490
903619
891197
856832
817874
469338
958721
298757
415587
724346
123621
923696
616621
245181
950986
950574
816393
974687
75102
918391
726333
811823
683094
646104
34376
570065
512699
884357
120217
851785
251319
435266
183642
833412
897629
700930
305941
260479
483821
113609
728320
465379
576230
212990
947464
301317
971386
230376
41241
360050
623939
42451
235778
81719
144605
589545
381717
423770
914925
192977
813121
17159
11859
933099
638646
764584
443358
508237
563758
823706
7660
540884
832693
903736
527892
359601
103085
438013
350176
474291
346173
57710
919815
349690
887401
752326
852899
391450
958544
590367
213625
335074
923315
810101
810405
170527
230435
532239
351625
530401
739623
968038
111111
397694
965826
119796
265248
621566
101336
271788
34113
296872
647438
501055
151111
117147
689000
325420
168939
732399
164762
547866
269481
939623
725804
711747
507778
221087
493832
401979
159281
457497
413175
399735
859018
246037
171185
525512
70579
19820
498815
30653
586346
126431
747241
758232
742690
857053
843633
876660
943029
805202
398451
305461
750612
506475
494202
89541
940606
220977
378545
295656
965249
243146
503523
236619
884159
219646
883894
934349
915194
218613
749518
255512
545765
441715
33028
976630
582627
700595
820056
232760
799364
807444
57696
638573
464031
590193
935548
339226
510336
723680
158408
599282
701158
104473
587571
280841
634248
905441
867553
598221
404614
456342
240363
442931
56571
965905
274362
959843
690026
859986
752556
163546
163649
780184
123090
759688
437827
871047
218027
597468
596921
750942
755637
654898
347243
332018
78101
65751
960050
646312
762412
846490
330836
475767
642255
858512
175118
833819
997388
694985
840763
93521
245865
114187
146455
753437
106617
929633
882367
972643
813934
345901
191777
39252
432948
871933
656913
308849
698347
581228
383083
589008
519546
697466
870409
728878
524305
285347
959100
3536
954540
373517
192024
326080
14059
450295
216737
999318
991716
432742
736719
671131
528785
89408
724373
2879
11161
578258
559630
818976
905054
959751
474199
246610
754610
998876
265878
253052
150414
319117
177566
737752
532082
665445
664359
536544
759496
891379
197334
708698
615863
336687
405081
781138
280008
811698
514060
247269
361681
256376
240175
753027
343461
833361
343138
974796
183973
443445
633514
905562
903363
789457
262127
599814
450627
694091
3635
930177
395069
204552
95894
296841
52523
714500
99059
953287
245026
33787
208499
56009
585429
712878
227618
544309
818514
484565
3075
764367
236726
733756
807360
72805
266573
154818
812946
606770
940108
650268
208461
402226
872324
737900
471101
177112
814703
448620
437807
85952
709095
540427
533614
390453
938022
431121
383616
691956
864649
304450
803291
335696
847200
538292
103253
996405
235711
901893
648531
764307
429776
641260
972628
402663
814076
731341
943247
279035
408411
776343
626122
147658
480931
376240
514500
295503
347760
279089
160898
738824
477439
146386
792021
157763
166381
303331
967473
596619
186922
574229
164326
438024
83833
433872
11009
358806
680111
593576
154140
291966
469780
660339
340473
421978
987445
598499
722180
56299
322105
938491
177056
63491
339836
85483
284516
471122
918084
281938
28271
108578
217071
890506
237379
231751
887285
625280
567071
331981
970315
408341
176027
890293
946940
773744
561172
400473
902130
17893
859871
219454
463596
84531
954590
577829
100658
443990
392667
562441
795568
82204
998069
284758
357486
158065
745636
504281
594018
720674
34682
145493
62521
265513
864186
1380
630933
870571
844844
62437
258388
339459
272236
266992
148531
947513
105482
511509
826241
337886
871323
197714
282858
59368
71686
720556
419875
745587
128611
556503
65944
837535
856092
878551
69046
977775
989417
628144
501666
946593
165642
80873
50575
61007
275184
263439
813544
922358
159468
246596
156850
130274
348368
669450
973330
327016
49324
529824
222714
139631
898464
817138
31433
184564
8235
528708
141942
748471
146778
147493
252733
599001
253468
560466
296668
919087
105022
99547
476513
653170
921845
915081
303604
68353
851663
64581
612448
412516
117981
719227
969785
229829
277799
99452
82603
134528
38537
849516
317455
272682
636559
544175
155468
582917
518785
905197
902281
467287
119933
600054
310373
691531
375792
747212
252409
468860
934662
730996
789394
866785
609644
264891
631728
325800
294840
864815
853518
74093
883783
940393
676371
403945
471505
156445
140839
120693
883366
781083
239565
109148
456187
8831
462405
940111
609509
113542
209966
623587
183792
885675
414718
939339
417492
952408
396733
601923
288140
946173
621730
982958
97956
868647
905147
187579
364794
772573
539852
585185
404074
575929
439542
174394
336113
397219
542200
563410
645252
851586
124448
333096
749183
148244
802065
902720
753437
210505
345113
766436
997300
714914
935425
190742
647294
753690
269982
669783
930700
898519
79909
974098
179946
135341
157969
924552
263661
291013
875041
626446
583483
813055
971588
662444
493602
421634
599343
511562
341813
775619
316723
924195
883482
11556
862230
649696
824901
332624
259165
484344
129454
597203
861988
343008
10625
940626
862281
59329
359815
414168
973787
15109
104128
894030
141989
676034
289880
421166
73463
203095
650970
946861
134132
820692
154091
758183
368557
933776
413192
68898
594193
307036
214588
947289
864218
356399
408305
477164
919750
528067
657836
431886
67779
627664
900376
320339
321200
206290
885430
916315
516733
566346
478945
577692
195352
2741
219926
802838
470142
679831
672346
746356
379471
636649
312284
379877
667116
883982
767720
683325
443522
594469
189594
654217
253067
622158
968839
930415
996927
787750
487879
971543
357184
724980
274885
118783
279091
864882
631583
398622
350953
536494
92971
241989
230596
389917
737098
35937
167189
313875
378072
42658
140100
273335
540679
251368
131511
726280
684193
52155
854281
606100
15169
552804
219409
881693
920309
855827
518020
698232
910881
918779
23527
142495
318523
916512
685544
506312
56960
387313
70238
898920
436911
218461
539254
979164
412102
24225
512010
921053
115677
765280
537753
806070
303259
303427
459015
916054
156980
173149
400286
735637
692247
243393
939840
912238
790695
771465
840246
290224
779638
803513
238537
214080
248192
401708
521360
207739
779007
349946
675462
378151
884046
384582
890698
198285
8949
390690
152275
964147
903477
906352
789431
356324
566923
549633
969250
970034
921964
599906
695699
581076
747949
182128
632124
554695
602750
418334
608964
188100
273265
240427
917330
468692
600937
796513
946443
152677
699995
132467
680191
205597
81052
600175
173032
63692
980460
916487
60669
214043
273383
302450
863703
1888
164442
526737
782197
282039
212663
837247
416286
768531
609061
405199
705671
680649
291853
224167
415592
224118
564416
793310
367088
944735
273060
704094
428628
46398
649026
118677
200373
460222
217418
312001
648533
761489
942300
197975
81873
586215
798755
710829
501412
320274
844387
843384
708939
349259
362424
969323
411252
522804
525581
492625
872686
338698
354145
378290
480405
279224
928734
949817
77095
44429
94028
793923
41286
523248
506217
666543
79418
260342
641224
434969
2632
143952
792668
206898
827898
84834
192860
891187
206367
26097
625049
258856
376787
589667
414365
3411
586209
568557
129917
658508
898523
122026
933459
652397
836847
400524
708775
902901
500666
175812
920704
371724
25025
787539
11779
269172
679635
503452
903411
824112
794275
127103
488908
823108
881927
543749
118936
992086
489750
471498
185430
490502
211849
597751
473603
885124
121682
446368
836500
953550
311640
307629
579818
278557
347679
213765
790204
218717
521668
865114
299566
592063
801534
320739
632821
953494
236164
555091
174466
976149
825291
994575
774737
861441
387239
432809
415175
301054
934588
544668
860100
130067
119893
25295
328002
238109
86871
782130
789031
357816
409796
164908
922883
691806
440454
481682
750504
229939
867165
745037
327285
190761
278203
714072
17612
181397
590589
325288
807995
45152
55882
294877
729272
566650
892357
130401
662356
246472
410626
118040
252553
486395
266714
540357
415298
938319
541113
835008
929593
647441
107170
318570
184817
893975
890055
922400
773865
939245
634313
759736
266948
673993
997612
884551
877965
374531
345158
24589
317163
881500
926439
783248
209094
260236
886451
324336
786822
677786
940909
688962
362299
80368
621983
530859
951634
111091
708634
237504
887025
98095
36340
377635
256521
664662
831396
356874
895090
769643
899161
242615
835756
386086
756883
73954
474716
674764
296248
114838
662169
192918
268627
463220
484053
514335
444381
795569
249502
538755
566782
533786
856704
132808
360051
92949
187012
673098
643902
468029
267381
742126
112354
89058
607035
315344
102082
385346
127870
278311
343854
844695
655072
411122
934304
546698
958744
839128
498226
672871
366726
333790
806939
963626
39935
418296
105186
860373
310113
866794
28161
87923
547756
909449
986777
415851
944643
179426
605563
938391
293760
448034
258489
684094
38909
59003
513382
877633
644988
309425
582308
493209
898037
927365
431842
911915
421234
436466
853961
354119
274380
514839
90224
622458
692998
627804
620821
583426
574329
919803
535197
128856
246007
636599
381989
553162
646973
375394
810810
167186
857408
289709
46814
236354
787414
585461
913187
95711
480116
511376
984994
645043
624622
831598
570397
114699
942626
672983
915112
89616
707453
558286
766265
347734
16994
64467
571685
789684
357780
463752
878551
776840
529993
154430
773628
725808
285480
661208
398108
203050
40268
14768
528657
114630
74458
63874
761210
230617
706740
857599
876629
736585
514841
21566
810750
764283
187861
661815
857520
114843
640701
10588
65232
466428
974125
953949
342253
170293
837063
320141
856163
990126
454475
959310
120273
988022
575838
901962
905062
314781
859873
795029
701951
59558
929651
231660
866032
813074
785212
656237
70948
64595
579631
617525
456347
944560
259837
351444
787208
642994
428124
877390
44085
695913
964363
623649
275669
985743
556246
37011
235122
517563
847720
49684
222097
744963
749678
206875
310275
575938
512345
845799
956345
589850
969485
477530
638383
685198
408378
501531
545323
565058
19826
918158
746381
159317
169505
823258
588070
146102
444363
746378
477612
896974
747356
359778
928586
162759
83177
391916
391933
338504
729988
380307
290515
20158
264001
210111
395116
286407
878728
513320
64335
790190
381841
159986
64565
413657
291340
630954
157263
623586
101261
761737
984577
627668
367009
907643
861779
287052
384987
810389
45756
914292
343236
715916
558416
902342
138746
419831
603174
398123
693002
860776
985133
780342
854804
39777
735686
817837
806471
382554
61923
322828
232767
90046
172439
799750
245781
35803
427356
633251
364791
936551
387228
721317
63913
573086
994484
456215
504229
461861
525974
818476
256522
594160
851650
631773
975460
528198
715426
940578
919179
221685
932551
285831
576609
343631
850070
243467
201406
539432
345782
193681
466812
547209
549281
574747
571239
606946
249958
726726
491172
189666
541925
746798
272405
885934
556773
324418
196482
442856
942064
718447
147633
857429
150206
285910
141896
405360
186421
217902
10954
531423
855011
796857
150087
927268
27595
313446
970058
451397
593945
573399
56650
502255
369674
912630
733751
826464
752231
363414
845988
917092
838839
510794
387355
244439
932987
31729
797755
160890
625553
864145
619615
906718
973402
60062
110504
193968
377398
738457
739694
28197
562646
153568
931107
309000
217355
485948
263297
814115
539216
969346
754773
120312
21059
824581
507015
505885
970493
225045
290812
585546
144222
355159
673034
639092
136991
47571
559031
356895
504818
568099
830958
194008
773173
745742
668724
372109
604020
786063
946089
104452
576942
329831
769046
213122
882334
456241
938758
511198
868931
886274
649343
787242
746493
899598
917065
946720
572952
49687
489610
829180
852497
223215
309668
780642
504240
569876
478345
70150
245220
652765
376493
670669
669903
268594
179918
390924
189570
348518
656550
804337
148352
649305
895193
67915
561563
524952
543001
130676
869026
71193
298565
656690
575706
901575
5185
509423
95954
878632
110871
463903
11103
64656
704567
381133
849476
64927
251677
961216
32959
597497
230387
249700
713974
119158
633692
33511
871278
612262
228804
191443
574268
225030
794458
868532
608681
211620
119200
41960
773544
955483
686803
692010
753254
450547
29320
19921
629211
437805
9848
496420
13319
272286
344612
910321
856571
670144
171076
190361
57685
820845
824206
866749
566364
486355
582627
514349
138895
419487
505546
38397
984919
984194
314385
611515
910011
254584
65182
825759
173498
229236
504525
174349
343848
442860
252820
637336
927277
786489
497727
450655
328281
678457
323939
764218
687804
958109
850485
525331
530204
734164
656676
551296
855957
350715
637044
176581
723423
657828
284193
593287
191846
833214
550603
449060
748690
604897
56592
750012
624033
260568
663327
8002
203211
231187
248629
496104
725183
120479
362449
990290
353999
737455
408095
698511
50433
329553
495964
683992
978210
196677
326542
538183
780772
329827
812390
831912
925817
303507
4476
854421
655144
52461
600015
486877
633304
795465
412297
318824
408407
965345
895517
408547
155135
356383
889421
866710
887050
225173
289943
657985
243914
160764
771394
914230
286091
875460
822480
466962
716866
177150
857772
652846
420992
250999
248671
165032
193253
406010
547364
507016
987388
448955
891926
548986
284917
705303
683854
765197
911951
932867
707225
853477
734648
344594
186979
921109
467719
732826
612665
497320
829360
338770
175281
587654
507452
229785
170419
719930
984323
441103
492549
139536
7000
77917
964720
572433
831796
948845
56281
85736
439104
809002
245259
450202
342853
279771
302305
608115
878349
596656
846547
676618
430052
106842
166356
57179
454179
351928
688954
903398
367071
739514
220955
699610
30324
511553
490192
40338
46580
200927
305743
106641
797121
281691
449832
552344
879680
729236
948426
463939
554574
849040
97154
478072
264499
437125
478525
760797
102053
350795
152071
562733
834765
885873
225736
358591
604074
746904
56130
497567
139418
480770
337061
263274
898578
546516
408093
889434
693646
805969
790586
465053
622651
30563
70081
462035
445720
263435
570061
516983
757697
5407
308774
456361
195740
930524
307292
839781
819106
107766
933925
887064
814548
632669
840448
782473
258833
718516
8811
882828
115156
831500
793417
713584
434484
398593
311208
80761
38603
629102
517672
147455
825519
968776
441386
359108
917823
499546
523961
525983
15015
494240
836738
302662
6233
629113
109076
740363
27120
359011
120520
467547
738277
111343
128514
1310
702429
907159
960482
852503
479493
433284
568844
111572
241859
229439
649056
986825
397205
150802
593852
676144
581429
378667
6674
370388
780790
398122
913980
156721
782857
104110
405173
308601
729153
749378
961845
889235
68864
822494
468036
377288
379738
680344
748054
995251
930268
707370
153683
116364
643423
540411
215635
977532
998771
346889
429499
184951
140922
301469
31542
809171
766777
851101
463601
860701
994041
503021
262256
501839
541523
38386
517100
554296
527648
663719
576469
831841
30329
664737
31152
394596
706540
64084
313838
532944
238199
254966
646676
299848
946312
629164
28532
87114
447546
593765
128510
866801
51947
305393
693538
100425
959889
779759
615955
707684
244601
705468
141246
265570
395910
606805
294883
743582
394108
402233
737101
450053
972314
641751
341237
308118
572006
785874
488015
582211
8823
270903
462029
755432
626062
765123
173243
874722
661211
21281
116838
309197
264914
125420
242849
277218
165756
728169
562647
404981
41974
481602
149826
601448
707085
999570
120007
858909
865970
467311
320042
389921
796233
463271
647252
661164
802681
316938
931368
185297
309990
976361
338226
525665
240325
161834
224144
588148
702760
433901
732344
202847
421553
319210
791983
428333
812004
522268
766701
825475
397062
161483
710252
221492
6925
571448
658052
78317
339797
665733
314706
604335
973763
870108
218720
940511
742355
357265
239019
890848
144779
165562
361471
50293
557186
119168
696150
308836
868391
423257
654912
4619
945508
99481
639154
7068
309487
336814
802536
425909
275097
160957
653659
359002
691433
843214
803021
467670
918664
118860
878988
289620
725553
468079
927523
691375
377928
923204
230582
594386
304315
487685
953099
574900
424201
596499
7035
290516
764943
286994
562681
205246
26803
604884
20036
862136
922899
317262
659623
508695
381331
804732
856413
658273
875527
907795
673629
372455
822112
403402
764217
846903
758430
657559
827077
127368
688522
268928
201103
441854
680802
292885
152625
336104
182427
109356
554813
703470
361190
701312
762407
592800
55620
893761
638073
679750
551908
426505
100954
251928
512135
522868
823756
732089
153829
913957
376569
529639
453733
443120
186369
249419
784114
366740
898776
824758
920012
936354
858671
72536
929789
377814
102966
61865
542953
665061
239153
506670
711674
568572
335358
552046
1468
926450
809114
41580
684654
744073
513149
926728
907663
956458
159723
792559
618980
387944
79209
628807
529994
113987
24526
813685
204299
388456
601749
8638
196305
696687
532343
669831
378741
441121
669698
133530
201692
10475
429096
562703
877177
54524
960234
302135
33335
356942
157727
470576
156031
837963
265941
652945
225115
306691
262154
593754
702914
646589
789972
668733
968694
17478
253160
783594
697121
832794
416073
571644
706651
68550
944181
944046
241953
553629
728038
54466
794940
238822
77314
336304
52742
79580
217686
329183
322867
857573
271828
380195
38114
169190
579840
892779
147510
338804
450539
639450
36066
762804
934286
183672
361708
796646
311404
273132
916852
992494
490791
605752
66706
770413
881694
938388
848108
567088
472147
218867
476639
581482
670987
630962
114756
623693
421142
138747
580998
277431
173412
852276
688173
78383
439685
326220
943209
573990
286118
777838
318147
87692
725375
287702
652038
507686
900604
849701
325097
356855
278636
27427
463629
40320
554765
937019
112911
998146
699844
887420
265829
363727
87686
684085
154146
76408
95287
405435
409208
529353
598128
863583
92237
803652
693022
771587
944511
804780
197129
556227
353386
482188
263577
445333
33182
822765
243312
55819
818946
73052
46384
453836
868858
367578
224334
833064
113045
947905
680769
839569
192315
948225
121453
860932
936758
363703
754083
577981
599095
214803
857066
957722
410196
664864
970248
93935
941283
721985
592200
298128
704910
285952
464079
637579
277267
30859
86358
259276
47448
358535
381841
565116
336710
144380
445780
134299
219199
432468
955137
475015
483290
273133
261479
418019
675746
509116
696663
533852
939378
987671
713517
14922
574044
545897
311403
203087
535447
129140
303299
658719
306787
192088
310988
251794
944501
372167
339971
387591
399364
696523
190514
388619
716910
147833
676142
494181
317890
850007
898222
865124
629105
466910
472552
298783
521483
219479
890612
805135
18765
852860
475566
6995
382008
251787
264658
125639
265979
86956
723992
736642
176057
202625
588441
572513
957346
457312
144764
923742
666507
750092
661357
667454
179460
882093
482871
273342
465755
147053
23636
331302
622857
611332
172811
119844
768836
264712
208173
62687
510224
127594
615302
795497
740502
97879
731214
677807
449631
991319
688188
161778
989950
951343
31819
782991
943206
202207
217273
547859
753947
159388
124431
323880
947906
297288
531475
926433
557365
278914
980739
705878
254240
608503
237200
144621
934193
856076
136947
623143
887060
181960
123586
636321
280646
22963
398331
825668
776189
383874
788274
271108
315853
809146
787991
289773
463255
796211
604418
814075
443628
356591
141483
36903
750830
456495
413124
627795
410883
760447
907597
788715
944683
683663
87862
817717
273359
418368
83170
144290
202708
397074
126245
878404
56880
301388
807169
223892
260246
426984
123587
422780
343235
685286
230849
845925
119526
918942
406631
268992
225263
365868
219800
152492
775931
393935
652623
720166
649007
606271
778611
256196
861913
476428
643307
594218
50279
93957
627289
778016
265528
308180
951328
993265
642638
625131
930394
729644
898104
423988
380283
654685
515505
582654
94362
351706
229710
317226
802526
609534
701297
457812
752773
383387
481929
94399
688992
139786
937444
49855
939295
833483
950273
986641
574727
905063
602832
387604
46914
91955
9642
439308
362787
519593
824797
915333
248339
445956
994359
278637
449664
778700
199784
388905
990218
385624
691766
138072
462716
645083
417371
940694
516952
858237
339451
787063
512049
640419
896880
419431
24107
715841
944106
154848
489632
438791
804234
222183
587242
987682
400042
205640
435732
723990
201026
583430
795313
556335
5039
996436
980437
764206
240391
777901
982381
915439
956246
488198
445990
991016
478644
785775
234812
419408
215194
489918
318592
762217
887772
697247
795878
466011
308107
296481
443214
761095
363197
800511
989198
407895
679688
490057
589134
68632
342052
779761
154384
753007
384154
436548
756200
53952
467388
906227
223743
685328
101756
743481
794754
98059
402091
963128
579391
859653
897721
369527
645813
587821
578698
45639
17148
767416
929797
993328
192028
980152
674272
993675
63503
480531
36595
124569
433555
602266
662206
906396
326906
266793
481983
69265
943764
653571
390680
711976
423487
66851
852990
680843
368793
897115
234379
151853
575770
138130
940874
715361
153183
334658
850694
426005
122997
211144
223330
359621
874744
554672
760593
668888
947730
457408
708229
167636
138797
229883
197290
981832
608052
145422
303210
664113
435898
57498
520587
630612
624317
521577
652769
178686
186298
708216
957742
401153
996179
589894
657064
506478
202774
20026
719517
176676
118862
719478
784125
979419
303583
258364
777110
303990
965108
242197
462517
347912
578434
556261
327314
420507
552784
813799
895878
712397
320841
593134
506496
476821
973703
273916
171451
631357
80304
679529
496465
154870
120272
9925
766334
824963
844675
733212
138108
594648
948002
806
441925
731933
948802
537202
740733
590661
814800
883489
584447
386410
406226
338662
799877
430249
941312
234728
258788
724094
531306
966816
479145
550386
441545
102538
542864
40148
361654
352376
487357
471967
501571
451979
682670
949808
774430
946167
254341
755919
728008
168531
458277
341605
582997
869160
499376
67393
458350
905664
344491
670392
309123
779863
380230
155393
890451
380991
416875
818219
641463
309466
774344
988024
519602
545364
223357
631929
199736
170448
670927
472656
195035
403806
113654
632047
494424
402946
553331
122748
450778
44610
587203
823434
827725
827454
433452
697219
727415
73832
242607
701920
825086
358977
906152
724095
230318
772447
829824
124377
897456
120596
11457
508070
40400
393426
650339
149202
218579
935143
773987
254977
524749
734385
250459
498279
418373
755123
733426
47234
820492
259536
229650
881302
428015
854316
117748
757247
201015
777497
617974
635521
746316
617351
821904
921901
849932
891063
657155
490367
761090
653714
51323
157655
481601
829323
277201
42788
163428
657446
657391
296602
395321
347426
101769
636036
774701
141048
561766
622463
363572
937852
489291
497099
595977
499019
730192
46414
152053
371508
65675
42049
894629
41855
472193
895876
266043
879054
145989
832623
577790
625846
321697
474459
456119
364098
668168
582970
8526
649767
625936
679791
867477
749535
236809
237972
472128
970254
520215
823541
550943
913898
41369
455397
254672
262373
769009
630894
560379
59041
112717
195489
730950
993186
552169
637015
715151
744450
472794
649799
94305
785320
823268
786010
921531
591996
642426
201397
857684
728031
59711
984474
349362
412752
857028
203122
503108
906831
118332
148583
100618
148427
62720
823037
249618
404075
648405
295035
954386
491999
431860
735947
136645
130413
521393
916670
726416
879829
920291
594113
986638
923429
325669
816170
945036
760836
983769
202774
956165
367737
144560
529135
194441
662642
588339
117345
168078
326203
238138
735956
549439
16188
218516
282255
636590
251263
318573
426303
320251
920752
990445
647633
667936
162937
285492
884437
208166
747824
305648
115567
470724
668481
226094
340975
830801
768149
608157
390636
406655
590766
108988
56995
691235
510512
490846
856016
852562
542562
316876
468013
163903
801499
753559
56367
134653
608206
276768
399140
227268
159132
929015
971489
105404
631904
704172
82505
421378
823041
404333
423634
540353
193431
220651
933000
224603
795468
716672
128299
992824
49033
677663
677424
48549
709555
915203
345644
363477
865959
921702
515490
757170
607043
655296
196927
278753
79605
61441
998501
682151
265561
723256
869939
228316
805003
555544
807129
605629
109139
379421
715344
334780
700567
906034
809583
64768
322512
527581
896566
101674
948766
548619
79853
642320
166227
527753
348410
258272
313637
63465
1127
597582
669326
278087
733718
58029
997473
83888
705522
292984
843106
337028
404838
169956
617791
836100
12767
860043
491524
348678
23873
734634
819644
813314
277068
980461
988141
824477
224480
57736
887485
817101
316936
339891
789947
380870
517627
366653
401559
164148
143786
362253
982332
732035
81792
887555
819326
361155
974210
145349
119663
654646
409979
754709
277060
148516
626071
203428
780428
663426
871763
773156
344353
635815
52455
325537
961808
14168
420981
685088
263934
746853
578587
777123
799483
693702
680180
161682
450147
389160
585166
714077
241250
154530
773902
127120
146064
141088
30413
172848
319541
202319
160083
663301
479232
736472
943158
498900
434689
795760
83708
902114
248920
207804
805461
38392
343424
177524
346714
200536
276546
174438
687903
293142
211611
806910
212505
892927
462089
128284
994484
301072
509099
594788
556663
157754
364620
53912
705293
371560
161641
960798
654738
891571
475052
829309
567888
81303
736401
598569
637066
796132
195765
248970
646663
981161
182081
681927
485793
739461
735594
18539
701218
944814
941067
45289
549265
861912
292531
889199
928937
861168
72729
647338
343919
406233
766821
320317
466873
679247
694073
419509
468692
557288
923591
444262
848315
576902
410233
422916
538180
674030
157577
703224
944864
809994
203749
48016
979449
590186
154168
136049
536479
212928
93575
224490
3104
849820
450750
267627
77035
35473
775793
721382
111611
31341
986337
637354
436853
617016
499240
753396
376682
488332
249905
623919
663514
183103
899307
966534
956298
434445
367897
580847
803874
401115
141536
305276
786988
669719
365923
439949
462478
818876
598200
305521
252542
769445
42207
755611
237086
684453
30562
250600
705500
546234
179674
776315
1929
187238
83335
971574
68801
445215
35109
567541
229626
49777
953703
173869
677797
160285
950100
806911
940996
904572
44661
934601
658948
435068
35779
376796
501129
633244
208098
646482
719820
113803
496397
48835
268823
480555
855450
75956
751894
190798
309907
671734
970527
551688
839353
274792
337589
339414
311201
166538
876969
118128
655238
504997
73211
955801
451427
624951
773763
22011
266229
243101
236702
652615
585855
22209
57103
548822
117183
307678
78331
302598
24753
767141
623313
511577
551824
805495
567939
639747
877843
821697
506974
245201
966092
863960
519641
157529
488365
266238
339652
922497
246015
898460
683371
641488
243727
713235
857160
849136
694249
180304
20944
121533
911036
710887
940997
265366
596565
158638
5148
763966
312844
371330
214503
860845
444947
203786
125205
785948
425198
634611
778610
42536
480520
532833
669054
893672
982433
178279
181303
632188
834082
273473
906095
782030
740114
587274
541568
144940
860390
372078
268511
214886
764210
241652
10910
461888
993166
502529
265297
289368
570770
699372
992563
196971
109995
279271
624538
482671
472542
948952
817940
17738
829642
763673
707967
102770
608567
491823
524383
127614
170498
321373
220106
751979
227291
183020
345843
843731
586340
418983
201995
936853
800956
104629
177304
197279
568439
817452
284006
331923
177529
735900
443117
53438
140391
333929
815122
187869
813865
335336
799463
1494
380968
481249
783346
630444
947707
785326
511793
624548
276856
799761
119959
794321
966559
244795
210622
501177
955767
49582
975612
459499
13020
835025
265405
476848
741637
649083
376164
206949
173280
757466
380784
267271
764275
856362
278591
73446
755991
250171
707892
687587
85479
34216
245767
800093
564579
315697
800980
897143
566682
276021
769707
115662
361446
23082
192732
126960
29375
498586
58392
528556
400997
935101
788377
593821
332832
830079
688717
978747
119317
195079
494452
576103
336989
120601
237759
228537
582666
361639
189276
181688
780661
523766
737060
41031
874337
845175
125789
703114
954676
741990
943161
725207
432782
580061
187366
121628
587188
967569
237301
358621
146085
464930
813539
729908
672798
164713
597521
85979
802428
636168
489851
30098
934575
659962
205917
96405
878838
954713
575906
505396
856706
898872
363261
102792
321361
86675
565314
589476
268380
834416
857699
248809
854567
679046
287640
994947
368380
229838
762331
844481
61455
849476
342639
902373
916412
151655
362600
189685
816541
352896
25160
648417
258345
361280
461180
674323
330071
483247
610665
962286
715845
1829
313259
478393
473758
282059
391407
382256
823021
741319
344584
984024
228026
89007
486511
621005
886622
263414
374434
741906
310351
288764
479790
150584
564821
56828
988330
698009
868763
596029
174044
313720
626087
279014
460882
831030
609018
677466
204026
718178
409179
991849
174808
570485
177114
88474
316112
427910
793555
815052
721739
668386
559370
793892
828366
664139
644636
670848
737717
312825
821425
427271
835351
291128
83492
629652
290235
191211
839402
911673
754196
188844
10037
917849
631495
690049
555883
622736
286981
728597
644249
197689
701975
528192
437901
840841
786586
102948
823984
72075
700647
986406
855547
486239
160373
22619
443906
819311
595057
912770
302164
134918
689300
912763
320203
203441
605161
106799
407680
28490
949318
397461
38339
402589
199372
321307
556785
674471
91077
444015
323372
656189
525536
139580
286979
303935
460856
256421
786895
365578
16807
166150
309912
496609
975265
707781
827371
534201
198198
857520
788023
515305
173647
782727
498854
800730
877223
905783
690429
679665
283026
447773
705183
391127
822091
206780
625440
381473
765765
606437
27759
182807
764509
94660
90030
190098
774624
841701
620564
514447
421861
358135
225162
184340
851215
732942
945386
914329
208916
862734
891223
962405
737463
717197
520695
721508
927592
168828
255056
302041
691459
248665
116864
528464
960264
223955
902504
98149
40132
717288
228660
319113
767125
1602
125557
775311
824990
594914
91982
557375
57440
522261
312798
913477
998355
329156
757782
44328
308754
5890
378997
763070
833672
777795
93360
510747
8437
345544
832716
753343
597136
898563
625662
756807
302989
801256
323120
8820
863658
560285
331882
969483
518511
333011
582633
112530
462226
570435
898290
665280
929199
400499
524372
506810
900205
365425
396930
381350
553144
935895
772102
787833
892686
731141
857277
277414
569983
141982
611253
863573
199803
541048
806302
176538
696767
536313
153296
130998
74330
969730
930901
128978
237023
77112
842256
881440
547114
298101
901869
527011
187120
974036
125199
603934
832746
442188
668456
881771
549330
513014
783041
400259
119147
734131
922023
464813
359654
38741
491311
127107
800701
538609
297550
863780
541321
88100
321655
433777
830078
842674
104538
748436
216387
478141
973238
317626
36599
751120
36201
984853
851436
29208
265026
162965
409402
979683
671923
867345
310705
772615
368310
846953
113172
391182
432244
724268
536629
272148
43055
860016
417600
337521
923375
472680
894397
703710
475629
460293
568566
437347
720879
580573
406000
79252
362415
474388
170931
935069
100603
11371
806738
490039
803736
1524
980637
346694
221767
522653
647089
202377
47852
562324
76698
539049
162418
767873
668573
239360
454622
910967
414483
214885
661373
22629
241700
912400
627147
490651
641957
316538
146763
558271
685608
521206
365069
916867
882729
732725
824284
961405
280403
859885
4246
755006
556333
278042
833346
514184
285680
25462
639432
980108
703839
284501
422856
639108
282812
968519
65917
762728
303169
770908
969372
845205
564738
707141
963239
984624
579578
214719
331381
872262
400066
889391
319797
608690
552516
235023
968239
444112
330288
144119
871336
551432
14345
680661
476356
71200
420591
408923
910281
172663
199728
649763
668776
500721
361981
345310
706412
242884
54901
882783
731392
103132
790181
656818
947245
435834
118334
210702
276732
226493
263305
693942
179305
589892
187189
724
87574
457037
915764
199051
571774
264716
620621
434627
447277
713237
906453
641611
745435
333938
530249
705634
110140
493384
668191
584177
65507
976617
619915
97713
826059
118461
231632
294011
125416
865931
472736
148652
510786
616940
307532
985451
580216
701391
898906
411412
265544
387263
975923
600543
522320
827109
845667
579901
215884
151570
243980
270060
465461
504629
773536
217988
128713
884403
951395
896386
927905
390389
388951
812027
267394
241459
101954
665168
715035
32988
691710
504002
171195
533527
953510
772869
641223
84361
444822
393278
888021
659422
494359
711602
949673
197223
924521
98387
254526
546102
748704
468641
833973
505736
266937
313483
718176
957348
246632
416734
80609
438606
540498
83865
453565
671036
380127
173713
996163
20562
220684
293800
6390
539714
81582
930156
480991
945468
561577
532596
905636
360709
697508
691174
142204
899644
539447
372844
828375
921623
277830
632623
29188
507384
51607
423788
972433
256162
274165
466937
115760
253791
215962
240648
167276
409366
551741
856740
772579
482640
827175
120975
624442
80669
793343
807591
882724
136909
572985
341052
877073
640309
405296
610367
359040
709377
702902
762168
33705
787448
132657
556684
840804
784869
917274
498860
844488
942744
191752
296897
146597
559162
752717
478378
841528
869813
935860
458795
308480
940689
332521
863261
603769
259363
429373
50913
134066
901495
308765
751360
542075
899618
104790
771207
390183
53531
422772
708813
251304
241695
679188
53187
663165
239654
862447
527898
14608
95314
443869
54007
142844
98990
850823
27909
46949
931782
5210
841249
772594
295167
246362
7319
403706
181361
629630
21419
412028
743094
266830
194969
664856
771584
340674
806605
428414
639021
46859
682955
22097
657483
294362
20720
301586
964149
196717
986455
625383
179208
541402
799287
38709
573192
537952
742586
705701
227395
949787
275774
673466
358532
637501
764820
431730
592523
300983
316457
371294
119428
716653
128489
167625
136278
677137
855586
716175
411610
900948
175095
12359
134448
144178
196725
637872
113704
806305
384692
892180
57930
789922
464490
883520
852369
280871
462467
357236
700536
500044
969780
804007
532575
302979
148825
590669
630606
106351
948462
743826
167392
265932
139104
723586
379431
641650
608639
237922
986151
469101
233342
338999
965351
357936
253157
737200
951549
793365
310300
101106
921123
812574
223337
102310
521097
373041
971561
454524
6573
60207
673540
273085
794899
622714
541306
756328
794552
362921
92994
612951
817942
583678
854976
422201
579007
366092
713223
731176
8945
972846
843242
802426
392644
779059
678663
471727
741266
284241
449572
526017
522590
523185
970470
177217
298324
648392
137719
114260
259006
794098
916686
14911
735667
67299
55740
142927
849309
459555
92103
76020
506535
60165
278305
188836
577848
397938
677032
357462
908219
655570
990542
360756
690729
905207
663638
274458
198926
668476
798855
645456
648604
492633
459653
926266
832487
938727
373920
641164
900682
237853
96932
886874
807181
417644
251535
666648
382959
459693
951822
561268
429792
730710
324480
627225
742700
430619
127802
404758
865029
310279
999986
265711
49646
59729
318937
414513
142501
673353
236103
138086
239225
900824
65159
272067
321113
577527
380114
119
173662
531869
34461
107765
66146
763827
168338
528359
760409
139833
43525
889823
127567
184033
831908
464793
312850
341676
732715
319871
501455
579069
929569
649988
577469
276450
853915
662829
134529
679437
373075
540960
463668
560703
499456
418098
843794
818567
357198
139347
939437
372346
124326
416355
123057
583158
526221
404051
244844
770566
881086
357067
344858
980315
255245
276533
694272
941361
295136
763742
19778
180353
872814
274434
521743
733550
544733
710924
978380
124824
849455
408920
223597
526267
855552
474489
579308
951311
791201
744878
583556
127898
337158
759945
235520
957287
23229
164346
869697
278857
981458
932303
895143
799200
607272
750880
395611
452127
227322
157313
683995
881193
474507
486837
724952
310770
687099
87095
672622
749784
406465
234752
99524
481915
145601
638218
59072
496027
987335
100713
567402
313649
945484
146328
343113
675501
783109
523244
693026
913553
566166
808563
646542
146865
313563
75398
706775
354572
151015
599243
154719
902333
562456
145364
542942
368146
921838
209581
31454
600180
914989
915244
105002
350690
877470
954555
445844
406399
516890
495508
808354
530871
440962
33484
665093
535141
216783
452669
619349
700589
507310
548162
925937
199186
665493
462150
692341
358298
161710
103372
978123
340039
441526
967870
58668
934015
96374
228739
256816
433919
878352
710925
493852
536557
47173
481445
477243
921637
605421
943151
994787
460044
399876
480287
899839
310593
705148
816580
911642
373706
128131
418806
438638
804586
453178
525543
245596
870798
732151
293590
773939
592247
441934
532453
732558
124068
678321
503772
234631
647509
268533
386068
21839
860661
14586
744281
620687
443729
661149
308819
342295
203215
112556
928311
25438
765751
867916
628226
339340
960319
169841
66018
8434
842734
226972
90871
818396
375811
970009
478098
326548
811544
835413
184144
986561
880184
892635
817176
148957
17850
484288
230477
42188
84142
414411
467218
136664
363105
198235
225778
749590
408486
191723
933485
154643
896406
331594
61949
892144
763112
906469
366556
379191
543263
38140
340451
71448
346895
450987
440854
559640
714784
683135
500485
685549
665027
518703
319057
471386
134783
123246
693500
163202
670835
31196
523196
799319
901543
631452
38289
284805
27093
782772
514584
639041
581426
473107
954462
128189
761121
70146
345284
241598
554029
507188
277708
301280
619745
949964
387044
701354
161465
442780
775824
605516
659988
482861
368001
691031
716939
951544
323188
900273
415747
376608
201201
692054
159783
441183
347380
888476
313551
747020
19036
616913
289477
771671
879473
437679
255927
211771
846860
171764
189060
180815
206991
611872
394453
102760
669047
467580
287298
916115
656039
154154
775488
812510
674043
985453
337598
796416
397059
315027
825727
368645
672051
186481
589317
378037
988110
463735
134364
153358
401084
761417
694092
49498
790842
576416
120381
23822
708479
473815
979250
713659
742799
288305
680848
473926
780260
701755
98704
954855
569148
119660
897479
823820
670156
590009
170479
682068
683096
320627
383105
280067
488299
607404
845348
803642
896020
386254
458029
281314
395134
187353
349165
715169
703837
900607
1830
147614
655404
429928
581372
92822
924185
41070
742895
825198
411613
761327
560359
260996
189381
678478
607651
880083
953132
142486
980872
625241
729534
320399
179795
483024
127360
751763
753568
900837
749774
519146
311311
661819
621
970221
966744
662347
859105
368097
786944
524643
37398
864743
541087
889275
334991
299664
662251
970144
218697
447837
311821
420126
803290
396654
159410
92278
427950
375488
824964
825915
220411
860746
200482
546985
51955
835141
924063
467273
435083
168949
415598
750886
736032
572933
681178
47346
116239
85190
380370
673999
390856
996716
216168
935795
781273
991933
680707
848321
794151
380487
275188
566099
715170
135673
181163
670723
604932
107712
239064
578551
127947
788298
967976
790965
859003
215897
967103
611372
116385
942653
878005
183901
805013
563435
558509
826147
819107
344580
993601
491237
36554
122808
990704
242131
474209
537851
522342
959280
934339
362939
303633
871980
214194
217573
824114
339816
682061
743351
987256
609014
816021
486248
604023
877873
267745
512502
725555
679942
436727
214657
544185
804577
545323
721294
312008
225191
757323
822325
606114
478705
389311
50986
580428
3305
718512
434021
176715
219830
957595
717168
563744
113678
419955
608889
605259
798601
888053
79148
712111
65313
332502
303457
711599
825157
593970
271204
335932
389523
674731
439234
514987
139823
204014
422327
62942
504396
110016
269436
421539
559338
645719
468753
563585
445107
79477
260324
331574
826927
192436
720132
981520
67860
313415
370177
627784
978755
36360
831938
313535
635929
155005
164568
270927
48082
520769
927214
123065
977067
264847
85295
664741
728162
664892
672515
978084
540005
443459
142272
461051
428809
156650
238760
113275
43717
926724
280608
357609
221342
272824
325535
679099
581280
260528
108076
581417
616474
385898
549391
22755
46446
915456
126738
165936
962767
777623
419906
968603
965944
753203
575675
662140
84966
514855
336332
161251
672824
612883
614580
437149
90429
206717
989728
590667
426261
525034
808300
665920
801493
962060
790662
227830
174816
818886
490279
351136
108816
977469
902393
89564
123856
841101
801920
679134
134332
551043
877414
794879
968729
794785
468005
810407
885945
268982
111613
623674
255842
971900
252474
753597
20720
757589
475485
330402
157001
8999
638157
93848
866189
298616
835718