92982
154714
757650
332369
866637
957892
193342
368770
122635
184895
5294
717765
465753
650379
952847
915322
868733
11701
917422
127831
980096
487917
92959
522730
520327
720346
11385
494430
16545
294960
312819
422749
720875
950182
620522
371301
718767
163739
799585
27213
174566
564532
784673
127565
274662
550584
91681
745997
434131
174275
573298
22601
10861
853480
24686
425295
312473
819968
597548
731743
59203
254493
275123
916207
467433
554511
724848
666603
493301
486949
502354
883381
45963
85187
489601
234368
742605
448894
682946
391064
692808
787091
282354
646873
549664
27752
376281
718558
641239
997343
967104
366506
516485
633526
22288
9060
812857
32146
11787
854420
792038
444031
348954
486947
972262
54097
59907
746989
209841
277147
305268
496387
493692
640634
210816
359447
152131
39470
550533
26381
971504
828884
327915
426654
905247
323774
812215
164055
774017
545101
657567
345330
202836
601172
880490
366688
129223
92184
794921
611375
213637
498930
384797
743813
696352
118079
781563
502975
849868
58168
903358
118014
720550
507734
970554
589842
679064
372180
177555
976685
183457
66060
342901
179872
423744
399044
155103
359613
689942
568211
372721
58703
338225
544662
521819
813273
186426
156369
943753
579671
343715
297400
84728
770295
758571
293920
718668
616512
935560
151430
427298
689592
754960
397594
417959
436458
620301
565606
726688
277216
985776
700147
726722
190891
248030
838248
65354
496745
82727
583469
544780
135393
587186
687069
172608
604178
661454
104492
68498
106030
800802
590343
833517
158910
839536
321034
277855
307506
630366
20852
602962
146952
628472
761735
73968
564682
744091
171429
931619
158402
483690
521827
44060
280869
104587
722909
652504
178341
402659
269609
917830
743375
711843
35453
541804
369013
527210
555835
199131
548636
791031
869003
889219
592195
633773
651388
4082
40193
197081
478646
334733
785692
4683
184800
328123
98375
225809
113531
352991
611446
65977
416164
559977
673309
269930
343071
602641
423085
783325
783749
368717
477514
520862
957385
440852
626875
634914
745795
468652
330774
79831
730432
643378
56919
293417
35228
259242
962391
366968
896523
149764
734773
18942
193834
146397
523527
507046
203751
585962
977744
300471
100334
220551
866442
638816
658145
221556
891524
701565
97143
518192
803192
10792
222305
641150
967291
504496
880793
67652
568860
189837
356263
991474
696606
492976
603953
805728
679908
407149
955773
822127
954399
730807
538589
852328
975917
648396
598185
491833
387868
651239
351823
119654
111689
175029
852820
616764
563772
636
769920
503528
525186
620499
95928
15320
298120
735932
26293
298621
48898
547212
700481
160981
675503
341636
217220
717479
870115
13985
573530
502054
474365
189691
785694
355791
438255
320134
755085
562913
913089
36252
836104
812798
752916
844008
231543
21811
569863
519351
774120
387290
78975
730703
974637
120692
628445
398124
840935
839260
293650
633945
31562
240997
998294
402215
976005
545640
854291
279413
724489
804943
635269
550780
59632
46239
992640
638188
128438
316077
467895
489590
408822
771706
55137
809496
4227
789753
161539
876801
470740
901392
839868
639322
733907
672053
342548
75397
166240
862225
51907
848849
875352
272233
619679
202004
686822
362395
838999
528794
117751
985304
309736
40403
541957
980267
826969
999768
866299
638442
378395
528427
570095
414515
847147
344240
23666
754467
40920
892788
318620
498938
647072
582427
186805
885810
24216
399428
467757
235310
305996
765087
410859
844625
824489
995032
303152
732580
319091
587969
908174
57485
853957
953850
668989
689503
260319
433021
403003
258187
68282
288168
656435
281283
710868
327711
155427
76533
957033
946154
517578
299860
260075
614715
233732
290948
423072
411387
915148
972778
860772
762114
905515
980855
518921
572514
679703
120967
72426
461781
714859
763074
107498
562638
275934
854453
318730
667939
449798
129667
247917
561106
724489
420773
568656
348380
975878
53584
650101
92915
937788
659668
71678
371046
553152
930638
671047
529846
914624
781981
707712
95578
827536
521638
838423
715691
711220
253959
827224
588919
542993
541881
488220
726223
24454
448871
618792
648854
122706
356807
247946
535352
793650
817993
958696
356896
962889
2810
485717
18632
537099
808888
949888
107230
417086
441197
692658
585143
945411
747782
918930
866286
779078
387262
599969
862928
972171
296955
133049
607437
566341
307987
594450
407565
896813
488241
452124
475070
289175
669875
558850
248196
856947
416876
228189
231702
356637
751962
768141
916078
706201
737951
176697
118040
99508
47831
342555
894455
445756
690289
104484
550913
707966
997165
661710
312879
920889
796052
46795
149511
453015
444097
31026
211491
732911
701758
432866
584209
437340
400455
108578
644267
736013
701343
709686
558782
563683
353771
573575
82184
935027
807985
655737
612416
239147
20163
700528
187711
138434
727649
48644
404459
987070
327072
25796
254190
910653
71774
49053
971663
785319
628331
66448
554271
820254
124370
526740
741524
993267
95762
804163
902670
937846
91791
801483
8125
483299
154215
232520
824243
665866
508381
348266
785876
163589
734767
268794
355032
525363
752565
254715
418571
889527
402232
768969
356720
221124
449680
200305
242060
339786
169934
345057
350995
362044
88330
471783
900169
884645
884248
464142
859798
872557
776891
256062
741563
69833
634760
16719
768162
818704
490349
935141
645000
757832
562277
950434
173438
32066
268468
651915
817941
538501
724203
988046
832063
618792
515695
130223
445773
395146
627181
40847
865578
899540
842456
598174
529142
352100
992342
274015
291577
152126
445264
765989
562071
964105
543183
496147
730392
141915
858853
660408
691307
861322
161700
389507
190607
843715
255993
204533
663006
987621
929118
293060
917403
50434
47116
578575
944292
612361
984317
460231
209956
891578
799780
465781
739070
489934
214654
836369
419541
349559
753425
920304
577888
102305
608258
174866
633206
701537
827675
367597
437017
816637
669249
395145
590412
577503
466873
913596
80254
982030
87049
934975
828256
792878
590783
204244
436829
528224
902076
521149
452143
167473
606892
411715
966846
786688
101844
935228
345485
426929
46529
135547
108103
459793
306929
658842
552972
707970
183100
834602
427086
328901
46839
817293
422413
415997
931230
131276
219005
722665
826932
794707
857031
215990
535506
729757
384672
758644
919754
646738
647900
786628
1641
347797
153073
656979
832158
417689
110374
890172
853132
429987
257297
714109
764522
660981
496682
962740
600077
407110
997944
987325
449305
190982
741231
294014
41875
758874
181299
962437
829318
82471
380695
363465
587421
728442
730236
349953
661212
439276
306576
514086
773518
615432
392464
556208
421906
339768
206451
142483
961222
401059
29503
19834
582726
955578
829450
353721
404834
806399
737893
54836
492523
62743
951112
420614
821702
863323
39785
95191
363680
856829
759852
201488
821757
303131
878041
928343
678074
71699
715173
380602
180635
474477
254478
330516
593914
946721
738834
306669
699353
551006
116363
434116
700859
13938
685639
579921
175536
461455
362935
425575
307437
550336
616646
790118
599905
627991
963319
703714
795695
631814
836632
555128
575432
293438
40063
446922
508329
292734
221793
282320
683618
808320
263795
339825
694667
233627
805573
587468
295301
127475
80402
466195
39921
922400
3689
259165
109859
433236
728752
117051
425156
97249
540709
625742
602239
265325
600709
580663
377737
274551
324109
225048
619689
290204
687849
798886
326358
458261
778450
470877
760457
350185
42775
208861
961606
988581
451832
605177
888096
777074
477565
412953
535534
237219
522569
558244
693902
86110
178394
535830
913687
223707
836764
187891
235194
27006
548496
119805
782047
977214
925014
82136
19861
613021
890240
991867
713038
706084
73300
827992
77555
144855
660233
589348
327578
638949
996476
428658
446712
101910
751086
834019
25743
554637
512250
652650
83265
476449
130381
229797
44862
867172
21580
456890
306389
824752
118667
445909
703623
195026
327524
180690
378543
816434
616203
396933
144869
155050
954717
212313
7913
533328
227710
43392
43502
677682
955259
658413
40408
854464
4208
362560
660550
560025
764200
913637
14347
756368
769307
457971
349690
887271
579020
46813
164189
518952
122430
483632
292208
637254
706866
737300
186500
310201
471117
929481
340579
875608
343841
408570
786906
324742
819591
322463
488904
994785
727119
867326
666612
798646
364853
523788
184771
440479
444414
691929
536957
440298
701869
745946
493333
672905
392567
841336
425297
864421
430936
980441
335365
5174
67570
224894
333477
301
627846
522765
670781
868587
211074
508888
247307
223061
393348
769783
788020
825495
910322
171754
652626
376397
722286
617042
100986
466563
25455
813773
282469
244819
82769
608179
347937
972862
321625
321264
658874
435691
370009
913438
808177
891844
491657
257917
745857
936155
933505
575419
676289
486525
721206
565385
213082
528491
456600
394411
890669
206569
104728
723681
282080
527278
164406
876596
463955
812017
876577
49309
64621
877661
227556
811400
199444
310620
173607
551876
767578
920147
693956
340578
153614
986761
384665
956494
419115
904613
689857
457136
115365
493770
282443
301367
449748
498048
497622
261678
271795
461007
874420
985949
422779
473963
819150
701809
638431
164577
453794
351264
353012
66575
152842
247852
612791
275283
264998
934370
885213
7863
813944
807069
280895
727288
800763
460491
118378
293285
256551
4547
739627
360416
619814
346753
92263
633696
188784
629359
907767
718766
769600
576616
444672
765762
531420
208752
230829
783320
43826
86767
463128
702770
401555
658262
471384
781928
255203
132580
656746
660260
138020
167482
233009
559231
82128
537393
93232
512945
741166
348290
149803
83409
967974
172476
639269
645494
946836
397253
985269
398327
215872
581855
468984
554148
996656
203084
847172
333517
200973
702219
303551
454461
840103
481063
767557
66838
305273
401127
963949
216913
241540
118798
996430
516841
750723
649079
340592
855338
450691
952513
494366
821478
132624
35269
236813
988331
95980
980649
676445
669797
819944
306115
290523
468366
87720
146473
639356
171231
776205
735749
651698
122018
450708
156813
857806
827006
371833
416395
5438
519712
998106
812811
27102
362186
190927
575982
831427
954072
756891
182299
889907
234366
209386
927134
670301
830742
371658
737964
238002
467136
92301
833312
554355
126911
452687
363110
733454
952382
132836
330598
76729
771409
669553
435773
31362
325819
209967
360169
214523
71067
909912
69086
873911
831856
724300
615710
620246
925872
138654
989557
595150
412416
59708
460792
539502
170593
875139
83081
53785
501857
858754
857788
550928
570752
408469
573777
804171
238610
242370
842844
455964
506691
979564
331798
943751
189849
439975
80027
517867
639172
644839
614098
114672
48403
35447
837650
159124
366310
818471
271254
798494
220052
908800
511358
411085
311294
539547
886095
909476
818394
378044
462110
776496
884257
226281
415498
68993
675071
193619
719597
813589
351709
467027
548798
981153
467690
777843
931216
690892
199636
170202
202053
708193
334570
705003
681465
859232
433090
693435
628917
84024
998650
888364
796072
373126
426312
159518
346856
984364
342251
111059
422486
545012
104992
333369
351027
474928
552376
153309
490647
799185
296682
333316
536648
748801
159143
972225
578101
606089
905685
626708
832187
919914
64072
794435
26960
271
624177
370167
841528
512534
597197
852085
665964
276331
137756
347200
816353
876787
561043
790622
954130
996891
490829
149357
460442
90841
158234
233078
303079
665227
602668
741070
139192
771438
309578
474389
199303
768890
665220
408153
719747
787320
57099
189908
159741
419814
503483
783123
848783
874639
83138
510062
159442
395873
23095
149257
808780
779350
374523
122464
731198
540281
536180
976576
782225
175170
65854
994790
636633
558796
583083
383182
9779
362136
182797
236755
360728
223697
942255
989960
469281
533711
745375
664753
358535
206139
264785
483915
206066
760646
57670
617499
614345
63062
147041
124242
783660
604162
559130
565930
718365
211640
615680
660350
495429
710744
112845
502740
871833
189751
850366
88818
715969
370393
531922
961193
578617
443907
548182
698544
70874
800725
807797
908461
964548
908268
82571
822387
981978
98093
191268
489288
851421
682653
514875
535527
894756
918437
775980
547832
384187
944406
165350
118806
746417
858541
339348
300369
611830
231371
212357
109228
621947
88432
380971
842562
309567
677543
100886
946853
235557
520323
105954
879248
760034
875684
996028
872528
75114
519891
846355
491415
444403
487589
913695
942427
595607
901891
914144
819375
461340
605084
598584
229490
710546
679928
258665
165968
493091
955426
981739
20467
292935
774715
166967
218107
745618
785155
481220
344381
245923
115767
130703
330149
483230
445407
742028
889475
746270
148384
490727
187290
631866
745889
826480
405697
862355
402918
607783
90109
370064
298180
203356
767164
317364
461023
763620
339769
958423
880049
333690
746307
579205
232173
171820
503430
212552
170650
256662
105317
269775
87795
713745
124699
925695
868003
522665
376373
340504
504466
242467
58731
967225
817632
467774
376019
300782
175053
415705
609396
77900
154951
63750
186651
744571
923346
91550
907781
851384
294201
824549
286295
433763
434125
824743
989467
7812
38516
884949
923808
625728
776080
511979
458762
837881
781655
604081
102989
882124
35812
281182
363367
704488
20856
59646
590075
875446
764100
293390
316677
451620
737106
596595
413614
962298
750490
901756
749289
357967
661698
301411
563599
718647
282328
11853
484613
575
375606
838336
769645
249740
590462
637485
772002
12798
140251
850924
595917
121518
24103
812753
494737
31501
998745
371435
10598
70964
782954
822762
785553
123142
356360
930163
397212
875987
91935
871663
759256
758023
236791
121280
413930
459024
839585
511795
955179
52785
49597
935670
566721
134422
731249
653372
305802
833760
283670
986051
155467
122310
106834
604197
275932
567043
981663
311452
878275
597502
192420
275156