648089
775011
544358
39208
475379
484168
914662
944563
112659
994478
826232
132878
341921
575829
439352
258004
722184
379907
222490
368528
155382
870652
477661
88417
86410
664024
420141
18977
485257
734859
800581
419600
452182
948908
518732
796212
337257
243860
879030
643181
196160
636899
684368
459316
639272
18749
398226
725166
901775
232267
440259
648728
853191
518778
987450
393071
848795
603773
614700
634950
411348
100839
741745
849574
926670
305513
307860
571782
993949
155279
803713
267610
67011
272170
261923
963969
423136
987860
579988
372503
831504
920700
917163
75141
995722
447262
10890
134298
626299
419734
311123
805224
715456
223940
172874
707492
435558
949965
968829
113855
56561
374805
468602
868886
680199
922950
435046
75920
320941
444216
913432
257650
422082
570471
910240
663017
904877
520438
30161
644230
71516
554445
289281
5722
451474
872629
99575
934219
128331
52366
140716
884562
971018
369948
542673
652552
938086
187861
539414
104883
346037
38210
825709
236226
808116
470511
407412
862892
480270
574485
580749
59622
150054
820980
202533
766809
24184
453358
156282
940250
341448
100808
464094
925025
55682
92653
435138
282780
963075
724433
797651
978269
904425
386140
540047
754983
325674
838887
700356
361317
414010
153972
225714
234524
859792
28177
601762
504895
614957
61683
538620
85260
923008
471245
804103
171073
480447
304723
70967
612329
933440
320271
658298
952547
294418
756394
442582
673833
551350
772934
976565
842914
667414
140300
121795
239423
616288
251909
496502
891899
625292
577418
980406
738751
699209
752349
769195
749
90932
977687
43741
557450
246327
876419
457929
380638
643938
77778
894636
835026
248243
812315
139939
324462
104502
450631
469814
682467
130556
725508
157779
827809
441307
774357
813433
86821
569652
484575
307923
817576
459714
308139
62611
121837
8846
920333
559832
853583
311971
38498
435817
260514
146912
544186
306061
212017
289425
239955
732575
802290
545816
593899
395760
275276
621877
602799
690694
335452
190588
542322
672782
633688
383682
178508
324003
553107
25570
422941
592211
295917
634827
403515
57749
416613
167184
119464
703721
123779
466631
710443
434542
127426
680624
4793
478961
65972
182445
967105
746356
45767
774368
819225
100641
504742
62976
250104
529412
954400
232710
285596
842652
32477
830921
116552
492663
573837
928480
491678
582239
405303
726519
21932
848547
240426
684268
780374
834347
340176
507944
872201
852904
420496
238375
812133
726213
790441
578266
229543
930331
400738
71254
351561
220006
25803
692173
815338
849649
351375
930266
337098
518565
379857
60187
285514
811744
500147
633278
565633
39103
399113
902549
849179
538479
556874
343406
215259
865495
326496
36742
304491
479741
662085
223790
396350
92683
526842
819410
479634
610677
88154
721101
943516
370535
913037
584642
654699
122496
662923
300777
932875
587971
538835
786356
946948
868314
103571
305256
383920
932985
837168
828373
671831
46456
300158
922457
750570
76449
487054
441243
28066
943802
270534
107334
252387
277222
818646
291868
910675
982085
884802
536595
974168
598409
700733
131384
836286
798059
647041
386139
410545
984245
858249
900875
623839
463867
842054
815537
28593
190454
556405
788559
719059
543301
769222
917025
958752
280100
386445
804822
968385
271240
368899
633635
145649
708344
883376
314927
517868
317495
196256
774222
654637
198028
245760
936759
573214
975565
204149
920737
957930
850498
741759
640696
449315
922621
828026
138180
125717
750000
603412
50065
599494
991844
239607
630974
412756
877798
969272
681073
406547
440265
912440
401581
261547
807830
548422
845993
807644
474611
304824
572355
943569
595893
307965
143429
494786
894589
237505
201303
450284
406787
230063
358656
40191
375610
844743
320993
154940
296192
903260
798597
234678
429614
888267
22876
505619
960126
859859
710905
109411
674493
735254
609904
141880
866407
228357
537431
817421
836795
812952
747890
512363
610624
159820
103851
727337
567059
398259
364627
918800
615348
996246
716075
974891
615826
131805
864212
648611
36285
111209
520802
866140
247280
147413
930007
352093
256792
103660
719190
45615
345354
718095
82758
165515
712357
560630
462201
984748
693306
197099
910623
811881
740749
741750
260251
244735
603265
385868
785735
515671
145703
799255
357862
935162
883881
781136
932030
168983
859459
442542
686471
436989
886088
335857
656638
533301
497972
165473
601233
115515
855217
39150
407502
575032
505391
977099
468152
12202
349034
741887
339722
796705
795454
629933
71918
872230
579344
349563
51657
403240
501328
927907
431419
418489
962058
605089
662051
276382
908570
575101
416241
469883
73796
189239
184453
281649
992625
27546
795425
306146
478394
252738
818411
455312
312270
988654
393561
330064
22260
506020
957971
646386
581884
481414
361771
51507
432877
32057
450615
805026
150853
403402
515193
439579
432820
530890
82725
720248
107060
165600
991699
161647
751078
837084
190240
916611
808469
756822
913054
141893
666365
197873
287561
830479
16609
519606
883453
887608
335398
868398
722318
313621
101325
644560
451822
566211
903861
591559
4297
909824
672815
41699
317169
923138
438345
132975
122403
111522
464774
193194
18029
807995
977460
163771
424526
303285
47747
105283
523940
967894
229638
622394
685575
458510
352164
880129
165809
122381
24839
154280
888201
689419
399623
230153
633873
38715
819421
709269
776782
725899
635217
351113
5351
507980
7139
34341
946833
736762
933891
757640
793732
43193
519840
75323
222047
339890
226879
428829
461970
436103
340503
776283
887609
919011
594268
912287
726119
977981
84123
357814
868134
768163
707455
854241
91411
983600
606382
248775
466851
66112
804471
14518
131442
393622
924989
241045
925307
213140
765038
414179
88190
842722
302413
1855
414900
14228
438820
243986
282647
927232
589446
812484
339027
81991
244597
141181
297382
308587
935078
192262
593744
979301
176411
184791
363818
171396
753582
27359
791561
157519
731844
24371
958762
329642
855033
913126
351520
889491
765458
857576
296646
356307
840300
519379
574283
750572
979306
678008
916805
226817
627625
413309
918455
799410
428810
876122
627897
289639
649332
595029
135604
429927
968420
111009
173121
677841
710477
312131
656016
760078
624431
921532
659494
812271
996680
877710
27574
700522
846015
128429
691458
55000
712819
888079
10105
25208
503559
546518
936609
672814
646402
975802
610153
489632
6293
567759
655833
351636
460217
564755
554974
834238
118106
169357
67596
644474
280033
607401
841460
151470
581490
819841
531271
263024
390616
907580
345317
995612
300620
20010
295282
105155
284313
556573
703417
534310
499084
736768
825690
135928
970438
170518
625915
477144
564506
488898
574463
444408
147591
346304
45618
703690
244680
281133
835451
344891
124338
374684
515059
475690
370568
286536
878014
305723
93118
818114
345151
583181
842863
518564
661832
454747
800228
504027
382791
627036
715463
833837
276662
760463
296333
885661
538266
795234
707058
75816
734441
604467
607278
954268
789516
851321
732073
218957
775171
633956
779258
198697
793572
661953
816717
21125
12681
291380
473999
271723
876339
292821
328973
378575
746018
985757
701623
351542
14005
376735
636151
800587
189884
497760
912606
939569
846862
324285
961029
414830
223935
534806
663759
163082
423397
405749
489643
56133
742183
255437
927077
22536
800645
562064
931596
542363
455759
616507
313305
315373
965033
549475
11184
373105
194997
510482
758326
54802
3120
535054
924375
305109
344084
525155
999037
166963
721783
282634
700023
253638
721502
594467
975284
923995
733858
155206
960206
181496
205582
834971
721032
640777
96409
903269
17591
185665
981222
450121
588396
52017
710871
541754
998958
238071
14785
104678
725901
809970
183049
99812
843855
461678
71719
717082
859545
2652
515789
59023
64933
383092
23489
363192
365670
12660
802363
991762
38989
511692
531168
941204
874114
151934
590491
615284
722622
163839
579253
358972
919074
760034
794509
98895
590460
348675
392986
273427
138139
618386
219158
779599
197066
122573
805466
726501
144599
13571
679789
379902
418663
748989
568549
769555
53482
809911
301461
160617
442351
724607
454831
702324
966808
374932
422028
156160
726220
503708
274630
132437
135795
310230
673161
821963
974420
232771
128378
585732
656201
415220
33985
895738
33074
86380
844818
350264
657978
979910
704077
118845
778151
656711
370599
181889
121311
323471
604416
896449
157550
726700
141886
880808
766071
619720
145235
87591
716846
798988
899447
122568
651746
913608
81259
77685
412343
168669
680375
534007
173822
528167
525168
903999
137366
877138
106516
667207
894554
793541
759517
679539
685119
933775
22595
650112
197193
953318
538474
8722
502615
747680
858510
155194
684192
952466
745547
666859
100163
658243
346992
220544
32140
414850
431790
457854
910607
334240
150373
497868
597946
831379
303602
55202
182761
682399
878475
129326
17753
363016
295729
234157
367455
365123
116250
207967
887054
428982
551189
989854
225188
704496
952822
288962
924932
965782
234652
764831
716981
44954
197683
457525
564379
966148
750650
666037
812493
143490
272655
738136
195805
151154
48929
509165
707719
125095
386885
707367
875752
551336
287626
794580
585802
170573
604841
820903
836808
70291
239323
277390
905342
101505
51506
642670
554509
553406
724434
18661
484997
505371
477385
160924
27194
878938
720914
438552
837583
118204
610939
175208
60276
255287
969885
982312
528277
105968
296827
537384
8567
502091
432416
596649
378609
641340
209140
977585
972492
13329
669849
646755
188574
239996
904512
657937
723770
278306
85695
373406
800596
954282
244549
756665
794765
41930
62754
428498
280130
852692
858123
635876
592526
517240
768799
464647
475566
527225
314144
758035
546279
426838
153348
859802
129658
391142
839390
335564
55942
819716
951214
713174
395962
739237
553067
864019
600897
122354
545869
667951
689921
679110
505388
866242
127506
966137
638073
686069
649481
803678
304039
794032
671281
353320
206262
844708
318796
67415
753253
701822
611844
558424
477170
380107
470638
410558
537341
718690
318167
552501
875894
965392
727828
500379
600784
747536
40133
316931
499867
931339
489013
938140
482034
769106
5292
966891
493802
703532
178402
429132
225741
471664
76584
627419
279471
530774
980076
445296
374980
796329
906116
18091
151910
671137
523657
573726
297296
114598
236091
143038
698183
618518
436773
19849
855533
205455
711931
390721
202425
271684
547375
595595
751428
74674
701513
332033
857401
369187
751010
399885
963725
250192
510050
58003
555662
883846
194053
146450
960967
424731
499070
155685
455249
908547
559621
734492
8841
833546
837718
284053
421473
229604
754475
933522
726826
482328
258567
484269
40348
895713
585019
71186
827167
55472
839872
80224
170810
25733
300816
258891
977260
162683
513310
457307
692445
754053
785291
537245
923043
169128
258671
729273
170694
809309
899181
280023
895840
540270
253645
467548
18968
779611
386526
997588
341791
885636
491225
442015
246251
584517
294854
757278
825187
25827
989197
435659
512510
977083
677500
222307
203072
227253
163960
37614
32293
238459
832590
470132
930298
343850
534288
876533
283911
742489
4735
993349
341164
799396
965337
118324
197529
126082
589259
42066
387447
127744
763641
871360
356424
125605
391656
218881
525862
799727
121622
604449
1018
238044
303864
203117
106706
739361
465149
624671
183156
843977
792109
795311
289907
440311
142599
471042
973317
485187
672633
36584
936090
504112
790199
922550
762290
172859
375857
345895
247562
781720
125034
831813
977506
848898
838771
392387
466486
136473
555711
367869
869011
645276
782421
71949
565041
453683
5655
323094
937325
539399
121901
902008
736003
764178
340857
483676
974344
496708
980185
868189
166557
247898
836706
283660
726270
222993
219252
900947
339120
142097
756188
481553
234645
701222
616062
771764
138689
258407
954307
785740
664218
601235
416474
50486
243448
841470
797915
687390
361690
879647
697767
469498
229065
235481
627496
532942
947368
103537
268756
22675
337892
115491
415694
423374
19494
679302
553877
574878
600706
38755
511757
491871
572974
920593
509629
636780
445789
993318
36972
738272
45920
907703
222798
792913
695431
483480
141638
410798
256855
642819
475838
279558
980471
337669
145047
217309
885004
48755
205759
279242
229553
430364
417661
650585
576436
384056
744987
529597
618255
38437
340515
803696
384905
716870
743584
827001
416549
307890
816368
551269
783523
384930
595591
160625
524390
349680
385467
338009
642751
215241
708322
461186
472664
937993
56673
752468
231271
113669
718981
636761
799586
77944
630038
915425
292492
997175
599363
209246
827246
623960
599358
576949
631927
448707
222344
608601
911867
85445
201465
562334
71146
737133
356575
683085
589790
638509
248847
806295
677581
942052
565495
644688
28889
592457
107864
760675
405369
316197
515045
17664
35410
563164
883934
94035
119633
605729
586007
614576
461188
214774
989677
510943
729207
323125
209043
85025
442575
324446
680981
704266
709189
443657
295803
394856
913652
771756
612980
136526
618735
569221
25134
156350
664492
721963
423105
959826
686273
868888
720795
517019
788411
203594
286202
561763
403984
841010
461577
579777
727991
893310
411134
77183
213183
480583
223027
425036
929720
571035
667204
463433
273856
150410
571946
293838
493553
652334
91853
503219
971314
709780
843933
250764
736395
436099
998347
649545
607012
579354
556539
79416
84705
610686
454245
349005
990667
720689
947736
659672
401923
407116
165288
155812
555503
906832
878173
470729
28928
85840
734178
300496
871812
20608
606099
452783
590493
248858
119948
99436
790857
158845
532852
866671
447508
991220
385373
639309
44098
410929
161518
10277
415982
169272
733072
292997
955056
804020
987089
765189
817829
931339
144232
820681
61302
757312
216407
309947
364563
532853
202189
903266
503699
745594
973637
800120
672321
352011
449078
942760
661685
348924
674112
631892
667580
244182
362489
923099
251232
388020
656428
781921
943284
251908
975426
18528
143718
120061
349774
300563
795214
221393
775499
527721
77007
264880
345939
14391
812071
61628
206836
836221
977178
793537
163456
37039
729374
662326
631066
133334
982545
672703
949104
981267
598333
699460
4085
488454
922904
917354
508120
404431
412152
772517
576231
899125
848735
326780
411072
819049
510325
262440
943126
505312
896746
871958
818989
237538
235806
992188
258199
930945
503150
816539
469939
55537
375795
447344
821644
818989
35795
323351
328734
779541
31061
257200
5445
348515
433801
513172
133436
513582
59173
763562
38539
239300
88048
579673
453365
776065
302985
399989
379901
763745
352156
980702
592554
246833
707600
205206
648010
491626
693100
753645
201542
689343
23587
953765
813931
855682
167029
757918
675136
631330
976816
529210
505999
826186
638309
30176
364877
519577
517305
876765
662317
768125
171317
29110
123509
633376
744501
519641
165785
529001
875956
973749
894183
379236
972968
893469
214744
530986
487304
168730
168908
154150
535471
137373
729661
396599
680202
778
97120
609629
339176
939927
31683
594678
588134
287599
232735
678549
556678
789553
978072
952771
98979
679380
117332
58026
993863
918153
358866
201983
945001
470419
186968
294692
916041
698731
806654
380193
858117
925376
147231
787276
553321
212478
451147
868856
511530
757451
245004
997443
957456
907005
829836
946545
391119
841938
602268
741039
628473
163938
168770
521237
754591
778177
929499
269822
588669
806736
501933
540579
58748
494524
480504
572245
930950
32978
237961
374239
149647
841777
710436
610023
191470
360575
103246
835248
229480
993010
935155
691587
397287
35289
888299
318338
215196
856353
824923
429989
246221
762790
37764
245170
157536
257850
181462
318209
402560
65689
282539
771351
307311
84395
220740
135568
114177
312625
668805
830176
479334
855171
643251
782864
321047
974015
912638
78587
444494
953596
470631
877535
320589
349772
932718
167763
836111
67884
474179
660154
208707
545617
799622
16199
851830
608260
645504
859482
851009
806580
468655
671727
585020
573031
568424
831427
169990
724220
344713
546347
583062
680358
658361
662853
420276
717478
351230
91615
65748
252768
169517
499713
156681
955335
876138
915818
112042
769515
106241
450349
605966
431573
130680
758794
610918
334707
475582
828097
375162
939993
82775
363189
465339
957321
271617
530028
635399
725939
756047
350174
61609
451445
103110
713714
531995
802721
264296
574484
294684
96191
604543
182101
8588
72580
192667
743677
81920
686127
744728
830246
291999
133038
624673
62391
578554
114946
435780
195728
578703
66410
23885
705053
480388
830122
123301
322691
273908
820605
365480
803434
789061
423667
536057
713961
740363
994871
546
107601
173174
438118
505320
375786
410782
177679
557472
739138
262750
373094
868709
517564
682562
314250
713976
782286
528276
897860
850815
235963
365953
648285
601814
285866
888766
128447
724951
979544
709739
824970
436959
525010
103898
446523
256913
527702
63139
544416
363708
97311
395177
373003
338632
591481
708343
852924
760855
882490
261059
601980
427340
9731
181237
352202
716485
812859
157981
487638
135507
819358
251711
533950
735648
950145
167471
328708
751777
310257
715462
327747
619036
989518
848235
784380
633849
789812
615183
620335
905252
699026
348461
263189
535844
973883
176400
830635
353252
504240
398012
338717
746795
778766
949278
770866
573176
610434
626793
166496
422548
770461
477368
620451
995308
895210
378549
317212
201291
572797
127496
46291
176256
532126
337711
448349
676389
666226
617507
521151
351571
326743
772708
123279
230619
701850
464985
118363
583219
97771
491969
912476
256025
352207
792336
873405
386702
309836
888323
950155
783943
559317
570682
768427
569694
341892
294785
147279
253508
412102
287214
233029
395506
482220
133029
5138
648079
194031
940669
937670
103698
68730
427358
604309
813386
122691
915440
803903
417860
299200
570498
451793
100890
507283
485139
44566
212669
813816
324609
283082
745724
771192
653877
724437
94657
483910
961265
904215
161276
853463
199737
247365
881938
182490
328502
762113
883862
990693
776950
846588
120447
536645
167726
609980
208974
390252
632101
49578
293393
255144
915321
670474
316505
374027
498468
186217
948954
551196
901762
248913
78460
169374
222143
311656
760206
8508
541377
45449
280905
14650
39788
396274
744733
608641
777124
542044
898308
554176
873712
168920
382459
235654
894154
23079
613784
263485
677792
419046
174340
115857
672949
586414
255621
312696
997162
958901
606242
154152
394495
536310
736545
321859
418637
133448
403003
956274
445114
834251
277466
345119
600677
180156
840192
869266
375001
327652
738644
261437
843901
466790
599922
379653
753056
136394
978755
43613
369491
128989
971142
996504
269384
461903
966820
347739
501925
871431
226567
374652
253737
206826
299191
662972
707687
984857
741227
785693
409447
636093
88866
602968
691216
589463
29911
843050
897607
796964
401907
765581
146641
738942
223273
434173
854271
540899
547353
154486
319808
79532
160126
564157
618784
893718
655058
527877
336839
952950
472532
760974
660244
361200
751085
779299
430585
675943
838782
562756
180196
479092
379920
582488
498606
334834
356003
436120
242230
159456
50428
734338
411677
61274
621776
748731
198872
656295
916633
780288
156130
185946
312939
775294
411365
56659
85229
15488
91511
222475
146686
928044
984857
521252
162318
927643
271082
309729
290325
193534
648365
974260
227442
130479
155969
388526
832048
226328
230711
670697
746737
528306
787350
758703
23066
138527
71383
31821
59978
705214
458951
804137
709376
510770
609295
55685
687110
435271
330388
51990
333285
446334
674140
37642
371074
293189
138578
142723
128133
915185
426578
318879
942340
311354
142123
208540
213038
963964
573651
288611
470059
181433
926511
758459
186031
540916
307585
962907
512751
361460
88015
643720
158958
35443
732293
712322
594496
283341
600081
563821
297058
302499
75852
646502
962797
850210
172650
439453
171597
678570
429965
654164
989842
537976
642850
189620
633245
160405
602313
213417
988250
959423
414010
985181
937994
33970
966227
761175
869298
46676
857451
391669
227482
4021
92809
888791
320332
918868
477161
994080
844245
9749
976245
802794
679401
790080
695739
894532
381135
493993
51386
923426
321804
441549
521451
767252
570617
966726
820168
552757
421099
84050
127270
757952
973021
732448
677804
491654
345157
592659
993505
169648
764186
355841
524189
206211
440386
434521
283384
531956
857153
438392
886348
45535
922188
913868
713380
699134
47154
714571
272030
371921
889375
674095
900588
833522
255427
556088
499608
468606
646350
215730
921202
395690
227658
340197
40523
31125
586746
24879
328614
775626
280086
229532
148485
266343
656040
961748
292937
637762
25719
319651
199439
91562
498276
529889
159688
287408
316011
779497
524371
550232
246673
76463
900174
973763
797633
160906
531005
815224
922724
699329
152611
247691
970520
67639
726051
874691
990663
446651
598136
299570
383730
120726
769015
635989
517840
808860
837778
215157
22558
907261
250400
961440
91068
390198
463158
714342
561840
175478
545031
144552
970324
639222
939780
879594
637311
221384
649358
790396
652295
198848
658996
996365
26732
847875
912827
36776
526049
175616
728540
341585
892149
594476
106419
587043
330241
11110
22584
957783
741147
527716
250869
432370
544856
294019
673582
558975
291081
874413
494422
717054
802325
504128
460058
257554
488664
915899
289377
956346
451090
876354
911435
781342
100195
964711
688430
490383
155566
969902
265589
856805
304694
248843
364978
520817
508818
777215
262998
775912
848739
834294
809809
187915
460424
265690
253015
598942
805340
401930
853533
150599
521854
356340
444434
350114
199513
130127
535832
175454
45883
415219
884904
251352
943426
44034
241074
913274
164243
400449
738749
182821
417332
280393
16699
614760
476440
6559
639964
745262
212183
676838
544383
60202
319878
244353
28645
890237
504080
795365
310889
143549
228407
259618
58200
33720
202613
708023
518007
800170
771105
166300
33787
362726
120961
297972
292104
705069
880090
559192
154061
54653
696174
835317
395129
112736
813065
997069
198309
222070
452402
905044
360340
483636
696283
533936
917728
5024
845788
132534
644214
290981
877748
262680
884340
176716
916883
124521
799404
1199
401825
349652
996638
739052
493532
17637
426306
309823
348188
85266
866516
526114
914781
597308
552593
564325
414721
965305
48768
121332
906825
348489
764235
198311
835535
41296
789335
640575
234367
148095
492882
652023
820829
767202
141980
182720
748856
966927
905593
818552
550799
368559
30320
307454
668667
834059
762080
216814
883602
991987
968542
772956
977309
212863
317073
660273
585075
782234
811072
112455
48379
220932
655594
104085
47498
335180
945111
369069
646724
706345
290661
445630
134339
981103
143345
495491
689387
282534
648650
170300
393974
184508
483003
215479
760349
944786
813069
711992
86229
140898
449909
49164
966072
980878
693383
195920
224090
636423
820751
672770
193729
888111
513486
2697
204906
241372
5920
289499
750180
815842
125075
148310
283409
211847
716645
500894
268079
830304
987554
646654
955745
966664
659583
919219
517586
191405
851182
188613
385469
302867
220835
270456
269008
904484
198547
760606
560782
373034
479101
303414
801409
794119
836217
5722
285777
17823
242977
879134
157095
829313
297737
216322
320244
533775
518701
476980
18188
244578
333084
130537
778042
577332
91013
2244
756790
56742
876744
35005
411418
160718
105989
11477
997359
27364
7554
338754
361874
559077
170029
661736
49989
614586
36141
427351
451105
24957
69506
334934
494367
1706
33478
8319
884994
530173
325025
971057
643763
914277
997256
571003
989930
357850
411053
874726
431236
127792
242639
939730
176057
107849
312401
96270
454539
110473
972129
582533
858883
863983
181364
637940
245843
687452
628092
387778
48343
860174
331002
436990
357454
591267
644082
608718
730694
602533
499710
390673
197807
331482
928834
736353
119806
604492
713497
691621
459043
636223
352284
455549
609759
791886
291036
36870
161454
578855
218070
897949
523015
670033
807622
765058
418416
813675
741814
193329
43942
379636
598654
852843
189997
590897
619419
6789
45222
288462
600574
234940
829244
900088
375927
782446
824687
445655
689843
779252
387337
346161
51368
783581
784373
697787
290408
52889
853389
789078
574992
123889
448319
321188
874360
713517
901682
311206
703072
385119
927926
685632
681574
163503
878141
293409
32584
722626
587663
36629
428997
349753
10708
72480
151600
789116
970201
77360
841031
197452
734506
678395
304321
79704
192979
503806
869223
636387
318368
80341
874735
511702
893777
323949
602988
674618
709435
401745
163019
613422
36551
697730
879667
50385
711193
936509
216855
436887
245724
295627
643706
254260
554852
667315
499717
868603
120080
743054
271883
80532
479754
846198
759513
580249
107984
494515
613715
863278
543159
241729
199618
312784
117963
676340
223637
949527
647470
351716
726626
686
797498
170846
350653
170033
524366
243127
471185
120840
647589
804585
867775
980207
269416
76358
745533
390853
83026
477687
594050
634697
212454
501837
948449
324813
842950
964330
16180
709850
329326
681259
407851
889150
5748
300082
946403
888031
662539
381690
418573
971197
401345
567502
690601
233743
338087
827459
376024
588505
282309
235754
382954
697226
838842
587479
771711
463691
7638
206576
818790
943297
439091
83506
229034
256055
591812
376111
999434
620076
768698
207386
63568
102775
274808
538864
416927
916868
814295
372423
825056
354590
174747
892694
278935
199188
736262
978253
963776
274717
821792
190701
816487
49039
901105
291139
275668
422911
578538
8134
137195
364590
877671
695549
879082
370673
270141
186647
36893
829585
774738
889644
353154
784448
569272
842393
62194
187134
31597
690167
989369
719666
386787
468118
669067
816925
386565
203489
613156
654795
515489
196417
787814
672657
295473
289523
511185
732912
342501
323807
274693
254167
249756
951119
501180
824408
140348
586471
137548
863623
134563
263040
442282
145922
848249
569705
310339
254301
80460
930197
102604
320287
911007
293567
60188
794137
973305
126329
952568
361384
76106
603721
435720
15686
240347
887817
843977
244775
288249
357829
799396
235700
667989
121459
158443
886730
345196
699142
156638
308102
242074
637180
749540
775970
558106
237053
270532
94498
466997
503352
704029
497530
843279
434295
300422
232782
714370
491348
246729
7831
631515
28652
439181
648952
243562
218087
618034
971024
652030
503424
830296
371509
435542
969094
22089
840586
190715
257496
699314
791789
953714
70209
396649
961025
591122
98590
942925
589997
118038
798565
192437
817348
836526
780503
427262
450969
818261
158329
514531
738072
729032
675572
138114
281454
215193
6220
681637
269300
918001
673059
598457
31915
513991
805336
534722
378321
696341
93581
468378
495350
533553
736457
591572
119377
132023
133396
905318
485576
943309
933279
782846
711550
282774
357363
961299
468903
404084
8901
360361
109463
674045
596955
691746
536423
965466
587181
418321
385468
18263
198327
513269
260745
446280
479556
786164
763391
99690
942908
868258
84560
3612
559271
736878
52
652661
596272
321935
935372
737894
926557
786832
935503
844271
517733
757130
283329
492049
833888
169092
424454
473308
19592
21941
736076
300279
992147
184510
669722
264975
912077
860285
329134
848017
736653
23527
24672
358282
605953
272808
756356
592952
172752
102475
826534
339831
336849
547084
161926
798343
611724
126578
631226
9555
75245
794439
839400
102691
68143
943675
438892
11590
298201
691497
907783
644564
915457
155522
546471
150987
92201
655534
317377
913501
997929
885008
851250
989588
421547
864957
64286
378632
339574
160439
50821
697125
401867
608963
710951
393655
713333
926064
930096
578869
435865
941609
209281
960237
297439
309583
474061
556716
387702
587075
268950
571177
511610
55999
514173
707281
494205
215243
260635
115761
942726
104089
260319
622454
993899
46034
791891
399217
107343
226262
452559
795703
887724
200057
751959
551040
835369