655351
123908
71678
609769
293778
226077
608174
436929
58978
694782
195711
214826
76692
596308
530554
743018
612383
746559
853800
527260
867834
99743
668830
148255
500115
217320
920954
925954
488208
485266
715289
638595
666960
756817
52508
183324
353401
334117
872599
15806
54298
215992
239948
344913
38233
311952
148405
158858
259222
414186
658106
404574
140449
224866
613471
972818
350379
419972
153813
555429
135622
985857
541185
499231
130372
187463
859998
638308
46596
617266
705221
553048
834370
819399
758570
513703
738906
423540
285625
7951
592147
233525
614488
283762
463690
864523
924409
672131
109897
531960
787309
941634
961129
351214
338344
300902
939331
93684
865845
272751
908947
502552
739549
928077
967795
476178
448909
400591
220568
601757
622529
372645
232902
677588
582179
277090
327778
163654
160860
81373
76250
373375
366589
899565
620966
251224
19974
932805
564303
89577
833752
798254
196053
446571
731016
939160
384559
448372
994434
616329
392484
480544
882287
190272
59811
50335
891615
441490
890626
342129
468705
434523
962920
790046
267206
631848
583432
806807
542186
429447
418456
227617
985846
627253
837978
350481
547647
538315
71598
275860
456833
142363
516956
39689
154008
826975
825690
536356
805625
425674
32775
751214
792246
6850
191037
194202
205283
47273
777724
520805
390309
104339
210849
670192
276433
225688
68764
998034
84910
548562
901931
892734
413603
530507
487719
640906
905843
931516
79531
752055
88584
613481
499749
295553
88860
268522
664485
770738
229188
770215
58344
17493
6491
121898
290732
862780
43123
209079
500433
574531
108184
44917
582521
237242
659112
393492
862765
589029
851603
137444
417577
629317
974153
797015
549137
189240
452732
250199
769687
348881
433877
9098
849059
649207
122937
279346
775773
433095
104899
476945
159058
673736
476914
466910
872992
548965
477410
120548
249096
441132
74588
153915
468157
783402
875621
151130
906882
32243
203988
333968
522404
821257
394155
732986
958508
609373
334081
687377
224495
24366
49329
129312
813791
145912
597799
359999
386749
429702
51486
60020
186780
177156
832503
288358
544041
89179
70090
532184
653005
14922
820559
999282
6167
261384
82967
219277
782231
236247
773991
309875
828309
866085
986560
114744
928104
828564
47080
266458
432690
178064
154956
992325
838864
501418
394089
552219
203769
272645
535193
687601
65496
1402
378599
681437
554838
522387
326692
78756
495717
585195
977564
298451
725243
539549
530272
692391
365355
699042
284360
26205
684273
225271
744521
397845
642670
272909
456463
657112
23785
528591
466330
136442
274638
780316
729630
757439
372516
44579
344604
873321
517954
691497
538358
800624
828817
31380
60297
385988
81528
465766
22688
343850
27136
678903
886834
808178
26490
455406
787098
131056
109210
212001
644220
564893
549985
679764
332162
828978
991530
57144
53718
192030
889457
467699
426957
711301
219193
234438
388875
953519
699360
391455
689463
293057
939383
272364
261183
864875
307027
595553
540972
344341
983868
430795
675659
768622
789445
77195
36366
130722
942907
386026
143727
266430
436758
602690
475093
151392
667005
571209
403208
536603
247138
502938
379600
71132
448532
73721
663422
722873
808077
236443
40540
518375
144398
107211
570983
843276
247899
938001
642837
607004
372698
359218
876391
402145
631916
244738
700737
986584
556696
651913
576880
947482
291041
31905
540562
138841
412683
166063
987919
740943
636560
380024
88693
411150
668403
662351
799105
312598
77538
80501
343245
823169
329226
494103
115542
438968
557141
719539
42237
588618
321631
424454
812253
620088
239160
876503
847512
301461
825046
630764
212878
348242
966491
970281
956803
979158
165997
614112
871733
4465
419360
784245
982350
433183
418076
824100
495946
278482
687033
614991
76313
201160
739006
424501
611524
835915
809711
724446
218008
595773
21216
945363
72569
163786
808866
645696
649493
886260
556358
65801
26730
653537
987599
700786
482653
266021
706107
750792
980680
627081
846612
449323
993200
510361
872788
124506
689297
244374
137550
860407
354954
424317
147243
789672
669115
60009
260336
693468
395687
772704
962849
665922
387197
140733
460941
301291
703299
487602
587569
32962
429454
971435
848797
263712
543487
86205
348917
88295
967814
57477
144158
96809
465073
404778
825765
597293
290677
663788
300394
930924
65114
353453
768089
870169
906086
62798
864114
146318
981098
581562
550437
462131
594274
722146
913124
919282
827339
355118
845078
297507
951574
656268
887144
333617
190825
557040
589804
987928
629764
237808
83803
714505
732219
128443
664147
625195
44401
288573
747238
553905
156222
756069
459624
354327
901130
513928
452628
656508
219198
869251
732141
200860
841781
830427
145075
567132
493857
906601
927658
590980
209660
781066
256578
460406
107560
847999
408637
829093
525394
118884
817017
783389
891840
40054
879385
116737
415590
771514
692255
235418
152555
347538
244972
934830
445034
516612
746149
596793
837622
771226
624494
15643
62445
343612
325718
825113
347436
557962
105474
123815
912046
745738
560954
516564
664125
95174
291643
672899
493892
278759
623764
78759
569609
93813
810335
783350
835746
518107
236943
971404
506500
276499
967682
353148
474693
85902
223312
553501
661494
772348
719834
650546
283619
585108
506680
116306
258520
930748
715507
978978
374216
221132
131086
965928
815935
514081
272673
810023
933380
590435
851753
370708
464117
351239
211748
771946
109314
871255
929544
629163
698336
654948
65318
117247
922095
468920
696062
179199
937173
941386
296700
713959
519172
190066
272766
734837
563151
132318
403679
843186
552792
737489
767904
757459
523590
180690
123605
681148
956987
690822
341328
405827
640901
828404
973354
983765
120491
739425
128124
210820
662653
553411
940063
868649
980199
576590
732019
935088
505720
425384
992659
186085
202422
766606
155102
289652
219775
265589
856157
819248
116607
646037
560319
123200
470369
22483
457396
297434
862880
993833
637075
227950
818007
514152
837299
50431
485815
532797
538046
391917
827597
740188
408415
99970
769367
648930
317952
423228
536850
84352
967899
619351
977388
892619
393754
850313
410514
459691
277924
623580
224734
165470
305537
955207
652438
357719
996648
167834
613655
177524
493415
975425
537194
132911
537864
46006
680559
106575
9632
284034
196587
411851
105285
960501
318276
118983
198119
603575
479897
274812
456540
216388
656032
657995
520619
296836
929538
360737
615374
686993
71440
212277
348571
115790
786113
603026
633050
860108
186424
605090
721374
221716
888528
524725
111919
752002
264299
142153
563394
62780
381770
280796
848352
333009
284673
746447
579109
894814
174468
628519
767755
152639
534295
509145
519523
635707
175243
242411
432943
602428
855997
61285
356720
735276
725073
996217
674961
874873
772334
345867
28842
527699
26859
905205
349403
890838
804764
226111
432421
671347
480012
378108
505367
483347
486882
725790
80617
45933
897744
983667
572941
66285
941585
493825
350314
225843
225355
191812