999768
998745
998650
998294
998106
997944
997343
997165
996891
996656
996476
996430
996028
995032
994790
994785
993267
992640
992342
991867
991474
989960
989557
989467
988581
988331
988046
987621
987325
987070
986761
986051
985949
985776
985304
985269
984364
984317
982030
981978
981739
981663
981153
980855
980649
980441
980267
980096
979564
977744
977214
976685
976576
976005
975917
975878
974637
972862
972778
972262
972225
972171
971663
971504
970554
967974
967291
967225
967104
966846
964548
964105
963949
963319
962889
962740
962437
962391
962298
961606
961222
961193
958696
958423
957892
957385
957033
956494
955773
955578
955426
955259
955179
954717
954399
954130
954072
953850
952847
952513
952382
951112
950434
950182
949888
946853
946836
946721
946154
945411
944406
944292
943753
943751
942427
942255
937846
937788
936155
935670
935560
935228
935141
935027
934975
934370
933505
931619
931230
931216
930638
930163
929481
929118
928343
927134
925872
925695
925014
923808
923346
922400
920889
920304
920147
919914
919754
918930
918437
917830
917422
917403
916207
916078
915322
915148
914624
914144
913695
913687
913637
913596
913438
913089
910653
910322
909912
909476
908800
908461
908268
908174
907781
907767
905685
905515
905247
904613
903358
902670
902076
901891
901756
901392
900169
899540
896813
896523
894756
894455
892788
891844
891578
891524
890669
890240
890172
889907
889527
889475
889219
888364
888096
887271
886095
885810
885213
884949
884645
884257
884248
883381
882124
880793
880490
880049
879248
878275
878041
877661
876801
876787
876596
876577
875987
875684
875608
875446
875352
875139
874639
874420
873911
872557
872528
871833
871663
870115
869003
868733
868587
868003
867326
867172
866637
866442
866299
866286
865578
864421
863323
862928
862355
862225
861322
860772
859798
859232
858853
858754
858541
857806
857788
857031
856947
856829
855338
854464
854453
854420
854291
853957
853480
853132
852820
852328
852085
851421
851384
850924
850366
849868
848849
848783
847172
847147
846355
844625
844008
843715
842844
842562
842456
841528
841336
840935
840103
839868
839585
839536
839260
838999
838423
838336
838248
837881
837650
836764
836632
836369
836104
834602
834019
833760
833517
833312
832187
832158
832063
831856
831427
830742
829450
829318
828884
828256
827992
827675
827536
827224
827006
826969
826932
826480
825495
824752
824743
824549
824489
824243
822762
822387
822127
821757
821702
821478
820254
819968
819944
819591
819375
819150
818704
818471
818394
817993
817941
817632
817293
816637
816434
816353
813944
813773
813589
813273
812857
812811
812798
812753
812215
812017
811400
809496
808888
808780
808320
808177
807985
807797
807069
806399
805728
805573
804943
804171
804163
803192
801483
800802
800763
800725
799780
799585
799185
798886
798646
798494
796072
796052
795695
794921
794707
794435
793650
792878
792038
791031
790622
790118
789753
788020
787320
787091
786906
786688
786628
785876
785694
785692
785553
785319
785155
784673
783749
783660
783325
783320
783123
782954
782225
782047
781981
781928
781655
781563
779350
779078
778450
777843
777074
776891
776496
776205
776080
775980
774715
774120
774017
773518
772002
771706
771438
771409
770295
769920
769783
769645
769600
769307
768969
768890
768162
768141
767578
767557
767164
765989
765762
765087
764522
764200
764100
763620
763074
762114
761735
760646
760457
760034
759852
759256
758874
758644
758571
758023
757832
757650
756891
756368
755085
754960
754467
753425
752916
752565
751962
751086
750723
750490
749289
748801
747782
746989
746417
746307
746270
745997
745946
745889
745857
745795
745618
745375
744571
744091
743813
743375
742605
742028
741563
741524
741231
741166
741070
739627
739070
738834
737964
737951
737893
737300
737106
736013
735932
735749
734773
734767
733907
733454
732911
732580
731743
731249
731198
730807
730703
730432
730392
730236
729757
728752
728442
727649
727288
727119
726722
726688
726223
724848
724489
724489
724300
724203
723681
722909
722665
722286
721206
720875
720550
720346
719747
719597
718767
718766
718668
718647
718558
718365
717765
717479
715969
715691
715173
714859
714109
713745
713038
711843
711220
710868
710744
710546
709686
708193
707970
707966
707712
706866
706201
706084
705003
704488
703714
703623
702770
702219
701869
701809
701758
701565
701537
701343
700859
700528
700481
700147
699353
698544
696606
696352
694667
693956
693902
693435
692808
692658
691929
691307
690892
690289
689942
689857
689592
689503
687849
687069
686822
685639
683618
682946
682653
681465
679928
679908
679703
679064
678074
677682
677543
676445
676289
675503
675071
673309
672905
672053
671047
670781
670301
669875
669797
669553
669249
668989
667939
666612
666603
665964
665866
665227
665220
664753
663006
661710
661698
661454
661212
660981
660550
660408
660350
660260
660233
659668
658874
658842
658413
658262
658145
657567
656979
656746
656435
655737
653372
652650
652626
652504
651915
651698
651388
651239
650379
650101
649079
648854
648396
647900
647072
646873
646738
645494
645000
644839
644267
643378
641239
641150
640634
639356
639322
639269
639172
638949
638816
638442
638431
638188
637485
637254
636633
635269
634914
634760
633945
633773
633696
633526
633206
631866
631814
630366
629359
628917
628472
628445
628331
627991
627846
627181
626875
626708
625742
625728
624177
621947
620522
620499
620301
620246
619814
619689
619679
618792
618792
617499
617042
616764
616646
616512
616203
615710
615680
615432
614715
614345
614098
613021
612791
612416
612361
611830
611446
611375
609396
608258
608179
607783
607437
606892
606089
605177
605084
604197
604178
604162
604081
603953
602962
602668
602641
602239
601172
600709
600077
599969
599905
598584
598185
598174
597548
597502
597197
596595
595917
595607
595150
594450
593914
592195
590783
590462
590412
590343
590075
589842
589348
588919
587969
587468
587421
587186
585962
585143
584209
583469
583083
582726
582427
581855
580663
579921
579671
579205
579020
578617
578575
578101
577888
577503
576616
575982
575432
575419
573777
573575
573530
573298
572514
570752
570095
569863
568860
568656
568211
567043
566721
566341
565930
565606
565385
564682
564532
563772
563683
563599
562913
562638
562277
562071
561106
561043
560025
559977
559231
559130
558850
558796
558782
558244
556208
555835
555128
554637
554511
554355
554271
554148
553152
552972
552376
551876
551006
550928
550913
550780
550584
550533
550336
549664
548798
548636
548496
548182
547832
547212
545640
545101
545012
544780
544662
543183
542993
541957
541881
541804
540709
540281
539547
539502
538589
538501
537393
537099
536957
536648
536180
535830
535534
535527
535506
535352
533711
533328
531922
531420
529846
529142
528794
528491
528427
528224
527278
527210
526740
525363
525186
523788
523527
522765
522730
522665
522569
521827
521819
521638
521149
520862
520327
520323
519891
519712
519351
518952
518921
518192
517867
517578
516841
516485
515695
514875
514086
512945
512534
512250
511979
511795
511358
510062
508888
508381
508329
507734
507046
506691
504496
504466
503528
503483
503430
502975
502740
502354
502054
501857
498938
498930
498048
497622
496745
496682
496387
496147
495429
494737
494430
494366
493770
493692
493333
493301
493091
492976
492523
491833
491657
491415
490829
490727
490647
490349
489934
489601
489590
489288
488904
488241
488220
487917
487589
486949
486947
486525
485717
484613
483915
483690
483632
483299
483230
481220
481063
478646
477565
477514
476449
475070
474928
474477
474389
474365
473963
471783
471384
471117
470877
470740
469281
468984
468652
468366
467895
467774
467757
467690
467433
467136
467027
466873
466563
466195
465781
465753
464142
463955
463128
462110
461781
461455
461340
461023
461007
460792
460491
460442
460231
459793
459024
458762
458261
457971
457136
456890
456600
455964
454461
453794
453015
452687
452143
452124
451832
451620
450708
450691
449798
449748
449680
449305
448894
448871
446922
446712
445909
445773
445756
445407
445264
444672
444414
444403
444097
444031
443907
441197
440852
440479
440298
439975
439276
438255
437340
437017
436829
436458
435773
435691
434131
434125
434116
433763
433236
433090
433021
432866
430936
429987
428658
427298
427086
426929
426654
426312
425575
425297
425295
425156
423744
423085
423072
422779
422749
422486
422413
421906
420773
420614
419814
419541
419115
418571
417959
417689
417086
416876
416395
416164
415997
415705
415498
414515
413930
413614
412953
412416
411715
411387
411085
410859
408822
408570
408469
408153
407565
407149
407110
405697
404834
404459
403003
402918
402659
402232
402215
401555
401127
401059
400455
399428
399044
398327
398124
397594
397253
397212
396933
395873
395146
395145
394411
393348
392567
392464
391064
389507
387868
387290
387262
384797
384672
384665
384187
383182
380971
380695
380602
378543
378395
378044
377737
376397
376373
376281
376019
375606
374523
373126
372721
372180
371833
371658
371435
371301
371046
370393
370167
370064
370009
369013
368770
368717
367597
366968
366688
366506
366310
364853
363680
363465
363367
363110
362935
362560
362395
362186
362136
362044
360728
360416
360169
359613
359447
358535
357967
356896
356807
356720
356637
356360
356263
355791
355032
353771
353721
353012
352991
352100
351823
351709
351264
351027
350995
350185
349953
349690
349559
348954
348380
348290
348266
347937
347797
347200
346856
346753
345485
345330
345057
344381
344240
343841
343715
343071
342901
342555
342548
342251
341636
340592
340579
340578
340504
339825
339786
339769
339768
339348
338225
335365
334733
334570
333690
333517
333477
333369
333316
332369
331798
330774
330598
330516
330149
328901
328123
327915
327711
327578
327524
327072
326358
325819
324742
324109
323774
322463
321625
321264
321034
320134
319091
318730
318620
317364
316677
316077
312879
312819
312473
311452
311294
310620
310201
309736
309578
309567
307987
307506
307437
306929
306669
306576
306389
306115
305996
305802
305273
305268
303551
303152
303131
303079
301411
301367
300782
300471
300369
299860
298621
298180
298120
297400
296955
296682
295301
294960
294201
294014
293920
293650
293438
293417
293390
293285
293060
292935
292734
292208
291577
290948
290523
290204
289175
288168
286295
283670
282469
282443
282354
282328
282320
282080
281283
281182
280895
280869
279413
277855
277216
277147
276331
275934
275932
275283
275156
275123
274662
274551
274015
272233
271795
271254
269930
269775
269609
268794
268468
265325
264998
264785
263795
261678
260319
260075
259242
259165
258665
258187
257917
257297
256662
256551
256062
255993
255203
254715
254493
254478
254190
253959
249740
248196
248030
247946
247917
247852
247307
245923
244819
242467
242370
242060
241540
240997
239147
238610
238002
237219
236813
236791
236755
235557
235310
235194
234368
234366
233732
233627
233078
233009
232520
232173
231702
231543
231371
230829
229797
229490
228189
227710
227556
226281
225809
225048
224894
223707
223697
223061
222305
221793
221556
221124
220551
220052
219005
218107
217220
216913
215990
215872
214654
214523
213637
213082
212552
212357
212313
211640
211491
211074
210816
209967
209956
209841
209386
208861
208752
206569
206451
206139
206066
204533
204244
203751
203356
203084
202836
202053
202004
201488
200973
200305
199636
199444
199303
199131
197081
195026
193834
193619
193342
192420
191268
190982
190927
190891
190607
189908
189849
189837
189751
189691
188784
187891
187711
187290
186805
186651
186500
186426
184895
184800
184771
183457
183100
182797
182299
181299
180690
180635
179872
178394
178341
177555
176697
175536
175170
175053
175029
174866
174566
174275
173607
173438
172608
172476
171820
171754
171429
171231
170650
170593
170202
169934
167482
167473
166967
166240
165968
165350
164577
164406
164189
164055
163739
163589
161700
161539
160981
159741
159518
159442
159143
159124
158910
158402
158234
156813
156369
155467
155427
155103
155050
154951
154714
154215
153614
153309
153073
152842
152131
152126
151430
149803
149764
149511
149357
149257
148384
147041
146952
146473
146397
144869
144855
142483
141915
140251
139192
138654
138434
138020
137756
135547
135393
134422
133049
132836
132624
132580
131276
130703
130381
130223
129667
129223
128438
127831
127565
127475
126911
124699
124370
124242
123142
122706
122635
122464
122430
122310
122018
121518
121280
120967
120692
119805
119654
118806
118798
118667
118378
118079
118040
118014
117751
117051
116363
115767
115365
114672
113531
112845
111689
111059
110374
109859
109228
108578
108103
107498
107230
106834
106030
105954
105317
104992
104728
104587
104492
104484
102989
102305
101910
101844
100986
100886
100334
99508
98375
98093
97249
97143
95980
95928
95762
95578
95191
93232
92982
92959
92915
92301
92263
92184
91935
91791
91681
91550
90841
90109
88818
88432
88330
87795
87720
87049
86767
86110
85187
84728
84024
83409
83265
83138
83081
82769
82727
82571
82471
82184
82136
82128
80402
80254
80027
79831
78975
77900
77555
76729
76533
75397
75114
73968
73300
72426
71774
71699
71678
71067
70964
70874
69833
69086
68993
68498
68282
67652
67570
66838
66575
66448
66060
65977
65854
65354
64621
64072
63750
63062
62743
59907
59708
59646
59632
59203
58731
58703
58168
57670
57485
57099
56919
55137
54836
54097
53785
53584
52785
51907
50434
49597
49309
49053
48898
48644
48403
47831
47116
46839
46813
46795
46529
46239
45963
44862
44060
43826
43502
43392
42775
41875
40920
40847
40408
40403
40193
40063
39921
39785
39470
38516
36252
35812
35453
35447
35269
35228
32146
32066
31562
31501
31362
31026
29503
27752
27213
27102
27006
26960
26381
26293
25796
25743
25455
24686
24454
24216
24103
23666
23095
22601
22288
21811
21580
20856
20852
20467
20163
19861
19834
18942
18632
16719
16545
15320
14347
13985
13938
12798
11853
11787
11701
11385
10861
10792
10598
9779
9060
8125
7913
7863
7812
5438
5294
5174
4683
4547
4227
4208
4082
3689
2810
1641
636
575
301
271