999282
998034
996648
996217
994434
993833
993200
992659
992325
991530
987928
987919
987599
986584
986560
985857
985846
983868
983765
983667
982350
981098
980680
980199
979158
978978
977564
977388
975425
974153
973354
972818
971435
971404
970281
967899
967814
967795
967682
966491
965928
962920
962849
961129
960501
958508
956987
956803
955207
953519
951574
947482
945363
942907
941634
941585
941386
940063
939383
939331
939160
938001
937173
935088
934830
933380
932805
931516
930924
930748
929544
929538
928104
928077
927658
925954
924409
922095
920954
919282
913124
912046
908947
906882
906601
906086
905843
905205
901931
901130
899565
897744
894814
892734
892619
891840
891615
890838
890626
889457
888528
887144
886834
886260
882287
879385
876503
876391
875621
874873
873321
872992
872788
872599
871733
871255
870169
869251
868649
867834
866085
865845
864875
864523
864114
862880
862780
862765
860407
860108
859998
856157
855997
853800
851753
851603
850313
849059
848797
848352
847999
847512
846612
845078
843276
843186
841781
838864
837978
837622
837299
835915
835746
834370
833752
832503
830427
829093
828978
828817
828564
828404
828309
827597
827339
826975
825765
825690
825113
825046
824100
823169
821257
820559
819399
819248
818007
817017
815935
813791
812253
810335
810023
809711
808866
808178
808077
806807
805625
804764
800624
799105
798254
797015
792246
790046
789672
789445
787309
787098
786113
784245
783402
783389
783350
782231
781066
780316
777724
775773
773991
772704
772348
772334
771946
771514
771226
770738
770215
769687
769367
768622
768089
767904
767755
766606
758570
757459
757439
756817
756069
752055
752002
751214
750792
747238
746559
746447
746149
745738
744521
743018
740943
740188
739549
739425
739006
738906
737489
735276
734837
732986
732219
732141
732019
731016
729630
725790
725243
725073
724446
722873
722146
721374
719834
719539
715507
715289
714505
713959
711301
706107
705221
703299
700786
700737
699360
699042
698336
696062
694782
693468
692391
692255
691497
690822
689463
689297
687601
687377
687033
686993
684273
681437
681148
680559
679764
678903
677588
675659
674961
673736
672899
672131
671347
670192
669115
668830
668403
667005
666960
665922
664485
664147
664125
663788
663422
662653
662351
661494
659112
658106
657995
657112
656508
656268
656032
655351
654948
653537
653005
652438
651913
650546
649493
649207
648930
646037
645696
644220
642837
642670
640906
640901
638595
638308
637075
636560
635707
633050
631916
631848
630764
629764
629317
629163
628519
627253
627081
625195
624494
623764
623580
622529
620966
620088
619351
617266
616329
615374
614991
614488
614112
613655
613481
613471
612383
611524
609769
609373
608174
607004
605090
603575
603026
602690
602428
601757
597799
597293
596793
596308
595773
595553
594274
592147
590980
590435
589804
589029
588618
587569
585195
585108
583432
582521
582179
581562
579109
576880
576590
574531
572941
571209
570983
569609
567132
564893
564303
563394
563151
560954
560319
557962
557141
557040
556696
556358
555429
554838
553905
553501
553411
553048
552792
552219
550437
549985
549137
548965
548562
547647
544041
543487
542186
541185
540972
540562
539549
538358
538315
538046
537864
537194
536850
536603
536356
535193
534295
532797
532184
531960
530554
530507
530272
528591
527699
527260
525394
524725
523590
522404
522387
520805
520619
519523
519172
518375
518107
517954
516956
516612
516564
514152
514081
513928
513703
510361
509145
506680
506500
505720
505367
502938
502552
501418
500433
500115
499749
499231
495946
495717
494103
493892
493857
493825
493415
488208
487719
487602
486882
485815
485266
483347
482653
480544
480012
479897
477410
476945
476914
476178
475093
474693
470369
468920
468705
468157
467699
466910
466330
465766
465073
464117
463690
462131
460941
460406
459691
459624
457396
456833
456540
456463
455406
452732
452628
449323
448909
448532
448372
446571
445034
441490
441132
438968
436929
436758
434523
433877
433183
433095
432943
432690
432421
430795
429702
429454
429447
426957
425674
425384
424501
424454
424317
423540
423228
419972
419360
418456
418076
417577
415590
414186
413603
412683
411851
411150
410514
408637
408415
405827
404778
404574
403679
403208
402145
400591
397845
395687
394155
394089
393754
393492
392484
391917
391455
390309
388875
387197
386749
386026
385988
384559
381770
380024
379600
378599
378108
374216
373375
372698
372645
372516
370708
366589
365355
360737
359999
359218
357719
356720
355118
354954
354327
353453
353401
353148
351239
351214
350481
350379
350314
349403
348917
348881
348571
348242
347538
347436
345867
344913
344604
344341
343850
343612
343245
342129
341328
338344
334117
334081
333968
333617
333009
332162
329226
327778
326692
325718
321631
318276
317952
312598
311952
309875
307027
305537
301461
301291
300902
300394
298451
297507
297434
296836
296700
295553
293778
293057
291643
291041
290732
290677
289652
288573
288358
285625
284673
284360
284034
283762
283619
280796
279346
278759
278482
277924
277090
276499
276433
275860
274812
274638
272909
272766
272751
272673
272645
272364
268522
267206
266458
266430
266021
265589
264299
263712
261384
261183
260336
259222
258520
256578
251224
250199
249096
247899
247138
244972
244738
244374
242411
239948
239160
237808
237242
236943
236443
236247
235418
234438
233525
232902
229188
227950
227617
226111
226077
225843
225688
225355
225271
224866
224734
224495
223312
221716
221132
220568
219775
219277
219198
219193
218008
217320
216388
215992
214826
212878
212277
212001
211748
210849
210820
209660
209079
205283
203988
203769
202422
201160
200860
198119
196587
196053
195711
194202
192030
191812
191037
190825
190272
190066
189240
187463
186780
186424
186085
183324
180690
179199
178064
177524
177156
175243
174468
167834
166063
165997
165470
163786
163654
160860
159058
158858
156222
155102
154956
154008
153915
153813
152639
152555
151392
151130
148405
148255
147243
146318
145912
145075
144398
144158
143727
142363
142153
140733
140449
138841
137550
137444
136442
135622
132911
132318
131086
131056
130722
130372
129312
128443
128124
124506
123908
123815
123605
123200
122937
121898
120548
120491
118983
118884
117247
116737
116607
116306
115790
115542
114744
111919
109897
109314
109210
108184
107560
107211
106575
105474
105285
104899
104339
99970
99743
96809
95174
93813
93684
89577
89179
88860
88693
88584
88295
86205
85902
84910
84352
83803
82967
81528
81373
80617
80501
79531
78759
78756
77538
77195
76692
76313
76250
74588
73721
72569
71678
71598
71440
71132
70090
68764
66285
65801
65496
65318
65114
62798
62780
62445
61285
60297
60020
60009
59811
58978
58344
57477
57144
54298
53718
52508
51486
50431
50335
49329
47273
47080
46596
46006
45933
44917
44579
44401
43123
42237
40540
40054
39689
38233
36366
32962
32775
32243
31905
31380
28842
27136
26859
26730
26490
26205
24366
23785
22688
22483
21216
19974
17493
15806
15643
14922
9632
9098
7951
6850
6491
6167
4465
1402