999986
999782
999570
999412
999318
998876
998814
998771
998671
998501
998355
998146
998115
998069
997755
997612
997473
997388
997300
997256
996927
996716
996436
996405
996179
996163
996139
995920
995251
995219
995087
994947
994800
994787
994602
994575
994484
994484
994359
994041
993675
993601
993374
993328
993265
993186
993166
992999
992932
992824
992693
992563
992494
992086
992025
991933
991849
991716
991495
991319
991016
990704
990688
990542
990540
990445
990290
990218
990126
989950
989728
989417
989198
989163
989098
988798
988617
988583
988463
988330
988141
988110
988024
988022
987682
987671
987445
987388
987335
987256
986825
986777
986641
986638
986561
986509
986455
986406
986337
986186
986151
986101
985956
985743
985453
985451
985295
985275
985225
985133
984994
984919
984853
984747
984624
984577
984474
984323
984301
984194
984024
983769
983239
982958
982664
982433
982381
982332
981832
981520
981471
981458
981161
981071
980872
980739
980710
980637
980508
980461
980460
980437
980315
980277
980216
980152
980108
980033
979683
979449
979419
979250
979164
978986
978755
978747
978380
978210
978123
978084
977775
977532
977469
977288
977067
976953
976848
976630
976617
976361
976149
975923
975647
975612
975460
975265
975033
975024
974796
974687
974210
974125
974098
974036
973787
973763
973703
973402
973332
973330
973238
972846
972643
972628
972433
972339
972314
972045
971900
971768
971588
971574
971561
971543
971489
971418
971386
970898
970847
970527
970493
970470
970315
970254
970248
970221
970144
970058
970034
970009
969820
969785
969780
969730
969662
969485
969483
969372
969346
969323
969250
968839
968776
968729
968694
968603
968519
968429
968239
968038
967976
967870
967750
967734
967569
967473
967284
967103
966908
966893
966816
966744
966559
966534
966126
966092
965944
965905
965879
965826
965351
965345
965249
965225
965108
964996
964783
964720
964363
964149
964147
963626
963442
963418
963239
963128
963086
962939
962767
962405
962365
962353
962286
962060
961845
961808
961405
961239
961216
960964
960798
960739
960713
960482
960460
960319
960264
960234
960050
959889
959843
959751
959742
959508
959409
959310
959280
959100
959067
958744
958721
958544
958515
958109
957788
957742
957722
957595
957404
957348
957346
957287
956532
956458
956345
956298
956246
956165
956135
955801
955767
955699
955483
955197
955137
955027
954855
954713
954676
954590
954555
954540
954535
954462
954386
953949
953748
953740
953703
953550
953510
953494
953287
953132
953099
952481
952408
951822
951634
951549
951544
951395
951343
951328
951311
951211
951177
950986
950771
950574
950273
950140
950100
949964
949817
949808
949787
949673
949526
949472
949318
949264
949084
948952
948845
948814
948802
948766
948617
948462
948426
948409
948225
948002
947989
947906
947905
947746
947730
947707
947513
947464
947441
947289
947245
946940
946861
946767
946720
946593
946443
946312
946173
946167
946089
945538
945508
945484
945468
945394
945386
945036
944864
944814
944735
944683
944643
944605
944560
944511
944501
944456
944444
944211
944181
944106
944046
943764
943386
943247
943209
943206
943161
943158
943151
943029
942785
942744
942653
942626
942300
942180
942064
941361
941312
941283
941067
940997
940996
940949
940909
940874
940694
940689
940626
940606
940578
940511
940393
940162
940111
940108
939840
939827
939659
939623
939618
939437
939433
939393
939378
939339
939295
939245
939093
938758
938727
938620
938536
938491
938391
938388
938374
938319
938288
938048
938022
937852
937444
937435
937384
937019
936914
936853
936758
936551
936516
936354
935933
935929
935895
935860
935795
935676
935548
935425
935213
935143
935101
935069
934781
934662
934601
934588
934575
934349
934339
934304
934286
934199
934193
934015
933925
933895
933776
933485
933459
933157
933099
933000
932987
932867
932551
932484
932429
932303
931782
931649
931368
931107
931038
930901
930700
930524
930415
930394
930345
930268
930177
930156
929797
929789
929651
929634
929633
929593
929569
929199
929015
928937
928734
928704
928586
928311
928129
927998
927905
927592
927523
927365
927277
927268
927214
926728
926724
926450
926439
926433
926266
925937
925817
925668
924860
924662
924609
924552
924521
924498
924463
924195
924185
924093
924063
923814
923755
923742
923696
923591
923429
923375
923315
923204
923092
923006
922899
922883
922497
922400
922358
922135
922023
921964
921901
921845
921838
921702
921637
921623
921531
921473
921384
921336
921123
921109
921053
920752
920704
920309
920291
920012
919815
919803
919750
919634
919179
919087
918942
918867
918779
918664
918391
918158
918084
917849
917823
917539
917330
917274
917092
917065
916867
916852
916686
916670
916512
916487
916465
916431
916412
916315
916283
916198
916149
916115
916054
915881
915764
915456
915439
915333
915244
915203
915194
915112
915081
914989
914963
914925
914832
914407
914329
914292
914230
914163
914068
913988
913980
913957
913898
913553
913477
913367
913214
913187
912770
912763
912641
912630
912400
912238
912228
911951
911915
911673
911642
911469
911036
910967
910881
910731
910321
910281
910011
909449
908759
908219
908151
908108
907859
907795
907663
907643
907597
907470
907159
907004
906917
906831
906718
906605
906469
906453
906396
906352
906227
906152
906095
906034
905918
905826
905825
905805
905783
905664
905636
905562
905441
905207
905197
905147
905063
905062
905054
904572
904483
903736
903690
903619
903477
903411
903398
903363
903041
902959
902901
902720
902504
902393
902373
902342
902333
902281
902130
902114
901962
901893
901869
901637
901575
901543
901495
900948
900837
900824
900682
900607
900604
900558
900475
900376
900273
900205
899839
899644
899618
899598
899307
899161
899139
898937
898920
898906
898872
898776
898702
898578
898563
898523
898519
898464
898460
898290
898222
898104
898037
897791
897721
897629
897479
897467
897456
897143
897115
897101
896974
896935
896931
896915
896880
896795
896703
896566
896496
896406
896386
896102
896020
895878
895876
895833
895517
895193
895147
895143
895090
894664
894629
894485
894397
894041
894030
893975
893943
893761
893672
893608
892927
892779
892686
892635
892357
892270
892180
892144
891926
891571
891379
891223
891197
891187
891063
890848
890835
890802
890698
890612
890506
890451
890293
890055
889823
889434
889421
889391
889360
889275
889235
889199
888863
888476
888359
888053
888021
887772
887555
887485
887442
887420
887401
887285
887215
887158
887156
887064
887060
887050
887025
886874
886622
886617
886451
886274
885945
885934
885873
885845
885685
885675
885430
885124
884947
884883
884630
884551
884519
884474
884437
884403
884357
884159
884046
883982
883914
883894
883783
883520
883489
883482
883366
882929
882828
882783
882729
882724
882367
882334
882093
881927
881771
881694
881693
881500
881440
881302
881193
881086
880770
880184
880083
879829
879680
879473
879130
879085
879054
878988
878968
878838
878728
878632
878552
878551
878551
878404
878352
878349
878308
878005
877965
877873
877843
877633
877523
877470
877414
877390
877346
877257
877223
877179
877177
877073
876969
876660
876629
876506
876191
875845
875527
875460
875041
874744
874722
874710
874361
874337
874264
874114
873761
873322
872814
872808
872686
872607
872324
872262
871980
871933
871763
871355
871336
871323
871278
871047
870880
870798
870571
870409
870108
869939
869813
869697
869688
869160
869026
868931
868858
868763
868743
868647
868532
868391
867916
867553
867477
867345
867165
866801
866794
866785
866778
866749
866710
866437
866189
866032
865970
865959
865931
865648
865446
865124
865114
865029
865014
864882
864815
864743
864649
864268
864218
864212
864186
864145
863960
863780
863703
863658
863583
863573
863261
862734
862447
862281
862230
862136
861988
861913
861912
861779
861624
861461
861441
861168
861145
860932
860845
860776
860746
860701
860661
860563
860431
860390
860373
860100
860043
860016
859986
859885
859873
859871
859653
859280
859105
859051
859018
859003
858909
858671
858512
858290
858237
857772
857699
857684
857599
857573
857569
857520
857520
857429
857429
857408
857285
857277
857160
857066
857053
857028
856895
856832
856791
856740
856706
856704
856650
856571
856413
856389
856362
856163
856098
856092
856076
856016
855957
855827
855586
855552
855547
855450
855072
855011
854976
854804
854716
854567
854421
854316
854281
854211
853985
853961
853915
853859
853818
853720
853518
853477
852990
852899
852860
852562
852503
852497
852369
852276
851785
851663
851650
851586
851436
851215
851122
851101
851095
850954
850823
850748
850694
850485
850485
850126
850070
850007
850006
849936
849932
849820
849701
849516
849476
849476
849455
849309
849136
849040
848321
848315
848108
847720
847200
846953
846903
846860
846666
846547
846490
846403
846283
846089
846005
845988
845937
845925
845818
845799
845667
845348
845205
845175
844923
844844
844695
844675
844488
844481
844387
844315
844067
843794
843731
843633
843384
843242
843214
843106
842734
842674
842256
841706
841701
841528
841249
841101
840892
840848
840841
840804
840763
840448
840429
840259
840246
840190
839781
839569
839566
839402
839353
839128
838973
838839
838716
838432
838161
837963
837535
837247
837138
837063
836847
836738
836500
836100
836090
836061
835760
835756
835718
835503
835413
835351
835141
835025
835008
834765
834701
834680
834513
834416
834082
834016
833973
833915
833819
833672
833483
833412
833361
833346
833214
833101
833064
832794
832746
832716
832693
832623
832487
832001
831938
831912
831908
831872
831841
831796
831598
831500
831396
831030
830958
830801
830793
830605
830504
830381
830079
830078
829824
829661
829642
829367
829360
829323
829309
829180
828463
828387
828375
828366
828251
828122
828053
827948
827898
827725
827490
827454
827371
827175
827109
827077
826927
826702
826464
826241
826147
826059
825915
825759
825727
825668
825519
825475
825457
825291
825198
825157
825086
824990
824964
824963
824901
824797
824758
824758
824581
824477
824284
824206
824114
824112
823984
823820
823756
823706
823541
823467
823434
823268
823258
823108
823096
823075
823041
823037
823021
822929
822765
822494
822480
822325
822274
822120
822112
822091
821973
821904
821697
821425
821311
821285
820845
820705
820692
820675
820492
820400
820313
820264
820262
820056
819644
819566
819326
819311
819107
819106
818976
818946
818909
818886
818876
818714
818567
818514
818476
818396
818219
818162
817942
817940
817874
817837
817717
817452
817176
817138
817101
816746
816580
816541
816393
816170
816021
815983
815895
815194
815122
815052
814800
814777
814703
814548
814382
814379
814115
814076
814075
813934
813865
813799
813685
813623
813544
813539
813314
813121
813074
813055
812946
812921
812574
812519
812510
812390
812027
812004
811823
811698
811544
811277
810810
810750
810407
810405
810389
810382
810349
810101
809994
809985
809583
809171
809146
809114
809002
808939
808563
808473
808354
808300
807995
807747
807591
807511
807444
807360
807181
807169
807129
806939
806911
806910
806738
806605
806471
806435
806382
806305
806302
806070
805969
805495
805461
805407
805202
805135
805013
805003
804899
804780
804732
804586
804577
804377
804337
804234
804007
803992
803874
803736
803676
803652
803642
803513
803314
803291
803290
803021
802838
802681
802536
802526
802428
802426
802065
801920
801856
801534
801499
801493
801256
801077
800980
800956
800780
800730
800701
800511
800093
799877
799761
799750
799483
799463
799364
799343
799319
799287
799200
798855
798755
798601
798354
798346
797755
797485
797121
796857
796646
796582
796513
796416
796233
796211
796132
796021
795976
795878
795760
795739
795569
795568
795497
795468
795465
795313
795285
795066
795029
794940
794899
794879
794785
794754
794552
794458
794321
794275
794151
794098
793923
793892
793657
793555
793417
793365
793343
793310
793195
792668
792559
792021
791983
791960
791855
791201
790965
790842
790809
790695
790662
790586
790204
790190
790181
790052
789972
789947
789922
789728
789686
789684
789457
789431
789411
789394
789348
789321
789031
788715
788418
788377
788298
788274
788023
787991
787833
787750
787539
787448
787414
787366
787242
787208
787132
787063
787026
786988
786944
786895
786822
786740
786586
786489
786479
786144
786063
786010
785948
785885
785874
785851
785775
785523
785512
785326
785320
785212
784869
784801
784136
784125
784114
783834
783594
783346
783248
783109
783041
783030
782991
782857
782772
782727
782473
782242
782197
782130
782041
782030
781426
781273
781138
781083
780799
780790
780772
780729
780705
780661
780642
780428
780342
780260
780184
779863
779761
779759
779672
779638
779059
779007
778700
778625
778611
778610
778533
778016
777901
777838
777795
777717
777623
777497
777478
777123
777110
776840
776343
776315
776189
776142
776109
775976
775931
775824
775793
775619
775488
775311
775113
774889
774737
774701
774624
774430
774344
773987
773976
773939
773902
773884
773865
773855
773763
773744
773628
773565
773544
773536
773441
773257
773173
773156
772869
772615
772615
772594
772579
772573
772447
772264
772203
772102
772052
772010
771671
771644
771587
771584
771465
771394
771207
770908
770895
770566
770413
770388
769854
769707
769643
769445
769046
769009
768836
768773
768531
768149
768125
767873
767736
767720
767416
767185
767141
767125
766821
766819
766777
766701
766436
766334
766265
765819
765765
765751
765731
765280
765197
765123
765002
764943
764845
764820
764584
764509
764443
764367
764307
764283
764275
764223
764218
764217
764210
764206
763966
763827
763742
763673
763635
763112
763070
762804
762728
762687
762412
762407
762331
762217
762168
761737
761489
761417
761327
761210
761121
761095
761090
760836
760797
760717
760593
760567
760474
760447
760409
760378
760004
759945
759902
759736
759688
759532
759496
759130
759112
758430
758297
758232
758183
758164
758021
757782
757727
757697
757589
757466
757450
757323
757247
757170
756883
756827
756807
756732
756484
756328
756217
756200
755991
755962
755919
755637
755611
755432
755142
755123
755006
754984
754773
754709
754702
754610
754482
754271
754196
754083
753947
753869
753690
753597
753568
753559
753437
753437
753396
753343
753254
753207
753203
753027
753007
752773
752717
752556
752398
752326
752231
751979
751894
751763
751738
751516
751360
751120
750965
750942
750886
750880
750830
750612
750504
750092
750012
750004
749784
749774
749746
749741
749678
749642
749590
749535
749518
749378
749183
748704
748690
748471
748436
748054
747949
747824
747356
747241
747212
747066
747020
746904
746853
746798
746709
746527
746493
746381
746378
746356
746316
746086
746009
745742
745636
745587
745435
745248
745238
745037
744963
744878
744702
744450
744281
744073
743974
743858
743826
743587
743582
743481
743351
743094
742895
742862
742839
742799
742700
742690
742586
742355
742126
741990
741906
741637
741542
741377
741319
741266
741171
740765
740733
740502
740436
740363
740114
739936
739694
739623
739514
739461
738824
738457
738421
738277
737900
737752
737717
737647
737507
737463
737455
737200
737194
737101
737098
737060
736719
736642
736585
736562
736472
736401
736282
736032
735956
735947
735900
735686
735680
735667
735637
735594
734677
734648
734634
734543
734385
734164
734131
733756
733751
733718
733611
733550
733426
733401
733343
733212
732942
732826
732725
732715
732630
732558
732445
732399
732347
732344
732249
732151
732089
732035
731976
731933
731898
731392
731341
731214
731176
731141
730996
730950
730710
730192
730180
730022
729988
729908
729793
729753
729696
729644
729534
729272
729236
729153
728995
728878
728597
728320
728169
728162
728038
728031
728008
727415
726726
726528
726416
726333
726280
725808
725804
725555
725553
725375
725207
725183
724980
724952
724612
724373
724346
724268
724166
724120
724095
724094
723992
723990
723680
723586
723423
723256
722902
722834
722450
722180
722023
721985
721739
721508
721382
721321
721317
721294
720879
720674
720600
720556
720506
720415
720357
720166
720132
719992
719930
719820
719517
719478
719227
718713
718516
718512
718447
718178
718176
718096
717672
717288
717281
717239
717223
717197
717168
716939
716910
716866
716672
716653
716585
716292
716175
715989
715916
715845
715841
715787
715659
715576
715426
715365
715361
715344
715285
715170
715169
715151
715035
714914
714784
714500
714349
714215
714077
714072
713974
713856
713659
713584
713517
713237
713235
713223
712878
712748
712397
712159
712111
711976
711775
711747
711674
711602
711599
711270
711065
710925
710924
710887
710829
710726
710629
710295
710252
710145
709595
709555
709377
709095
708939
708813
708775
708749
708698
708634
708479
708424
708229
708216
708198
707967
707892
707803
707781
707684
707504
707453
707370
707366
707225
707149
707141
707085
706825
706775
706740
706651
706540
706412
706199
706137
705878
705714
705701
705671
705634
705522
705500
705468
705429
705428
705303
705293
705183
705148
705145
705054
704910
704567
704172
704148
704094
703839
703837
703830
703710
703470
703224
703114
702935
702914
702902
702760
702588
702429
702129
701975
701951
701920
701875
701755
701693
701511
701428
701391
701357
701354
701312
701297
701218
701158
700959
700930
700723
700647
700595
700589
700567
700536
700491
700118
699995
699844
699821
699610
699372
698511
698510
698347
698309
698232
698009
697960
697791
697508
697466
697247
697219
697148
697121
696767
696716
696687
696663
696523
696150
695913
695786
695699
695620
694985
694577
694272
694249
694092
694091
694073
693942
693798
693702
693646
693538
693500
693368
693201
693089
693047
693026
693022
693016
693002
692998
692736
692341
692308
692247
692054
692010
691956
691806
691790
691766
691710
691531
691459
691433
691400
691375
691235
691174
691059
691031
690830
690729
690687
690665
690429
690185
690049
690026
689300
689000
688992
688962
688954
688811
688721
688717
688522
688188
688173
687903
687804
687587
687099
686803
685608
685549
685544
685328
685286
685274
685265
685198
685088
684654
684453
684193
684094
684085
684020
683995
683992
683913
683854
683663
683371
683325
683204
683135
683096
683094
683070
682955
682870
682670
682151
682068
682061
681927
681738
681195
681178
681063
680936
680881
680848
680843
680802
680769
680707
680661
680649
680587
680365
680344
680191
680180
680111
679942
679831
679791
679750
679688
679665
679635
679529
679476
679437
679247
679188
679134
679099
679057
679046
678663
678478
678457
678393
678321
677807
677797
677786
677663
677466
677450
677424
677137
677032
676618
676371
676144
676142
676034
675746
675501
675481
675462
675225
675072
674764
674731
674471
674323
674272
674043
674030
673999
673993
673802
673629
673540
673466
673353
673098
673073
673034
672983
672871
672824
672798
672622
672515
672346
672222
672106
672051
671923
671734
671448
671299
671131
671036
670987
670927
670848
670847
670835
670723
670676
670669
670636
670392
670156
670144
669903
669831
669783
669719
669698
669450
669326
669054
669047
669010
668888
668776
668733
668724
668573
668492
668481
668476
668456
668386
668191
668168
668133
667936
667515
667454
667170
667116
666987
666648
666543
666507
666078
666058
665920
665733
665493
665445
665280
665168
665095
665093
665061
665027
664892
664864
664856
664824
664741
664737
664662
664359
664139
664113
663719
663638
663514
663426
663327
663301
663165
662829
662642
662642
662444
662356
662347
662344
662251
662206
662169
662140
661928
661901
661819
661815
661569
661373
661357
661211
661208
661164
661149
661051
660348
660339
660307
659988
659962
659623
659422
659147
658948
658719
658508
658273
658122
658052
658013
657985
657888
657836
657828
657559
657483
657446
657391
657155
657064
656965
656913
656818
656723
656690
656676
656550
656260
656237
656212
656189
656039
655570
655404
655296
655238
655144
655072
654912
654898
654738
654685
654646
654217
653908
653821
653714
653659
653571
653351
653170
652945
652932
652846
652769
652765
652648
652623
652615
652397
652270
652103
652038
651826
651279
651230
650986
650970
650339
650268
649988
649799
649767
649763
649696
649656
649343
649305
649083
649069
649056
649026
649007
648952
648604
648533
648531
648417
648405
648392
647857
647633
647509
647441
647438
647338
647294
647252
647131
647089
646973
646676
646663
646589
646542
646482
646312
646104
645813
645719
645530
645458
645456
645252
645083
645043
644988
644785
644636
644249
644170
643902
643423
643307
642994
642898
642810
642638
642528
642426
642320
642255
641957
641751
641650
641611
641488
641463
641260
641224
641223
641164
640866
640701
640620
640419
640309
639747
639539
639450
639432
639154
639108
639092
639052
639041
639021
638842
638758
638646
638573
638459
638383
638218
638157
638073
637872
637579
637501
637380
637354
637336
637066
637044
637015
636649
636599
636590
636580
636559
636558
636321
636168
636036
635929
635815
635521
634959
634611
634313
634292
634248
633692
633640
633514
633304
633251
633244
633179
632934
632821
632669
632623
632424
632359
632322
632299
632188
632124
632047
631929
631904
631773
631728
631583
631495
631452
631357
630962
630954
630933
630894
630805
630612
630606
630562
630444
629792
629652
629630
629566
629211
629164
629113
629105
629102
628998
628807
628226
628144
628047
627804
627795
627784
627668
627664
627289
627225
627164
627147
626585
626477
626450
626446
626122
626087
626071
626062
625936
625919
625846
625758
625662
625553
625477
625440
625383
625280
625241
625131
625049
624951
624736
624622
624548
624538
624533
624442
624317
624033
623939
623919
623728
623693
623674
623649
623599
623587
623586
623313
623143
622857
622784
622736
622714
622651
622463
622458
622436
622338
622286
622158
621983
621730
621566
621188
621077
621005
620821
620705
620687
620621
620564
620425
620094
619915
619745
619615
619415
619349
618980
618823
618557
618085
617974
617791
617577
617525
617351
617068
617023
617016
616940
616913
616632
616621
616474
615955
615863
615302
614820
614580
614577
614565
613798
613161
612951
612883
612665
612448
612262
612089
612038
611872
611845
611718
611515
611372
611368
611332
611253
611243
611092
611028
610669
610665
610573
610395
610367
609975
609644
609534
609509
609477
609206
609078
609061
609018
609014
608964
608889
608722
608690
608681
608639
608567
608503
608419
608206
608157
608115
608052
608050
607883
607651
607404
607314
607272
607043
607035
606946
606805
606770
606483
606437
606271
606177
606114
606100
605960
605752
605629
605563
605549
605516
605421
605259
605161
604932
604897
604884
604418
604335
604074
604023
604020
603934
603908
603769
603270
603174
602832
602794
602750
602266
601923
601762
601749
601448
600948
600937
600543
600180
600175
600083
600054
600015
599906
599814
599766
599343
599282
599243
599095
599001
598569
598499
598417
598261
598221
598200
598128
597766
597751
597582
597554
597521
597497
597468
597203
597136
597131
596921
596873
596670
596656
596619
596565
596499
596029
595977
595763
595057
595017
594914
594788
594648
594469
594386
594294
594218
594193
594160
594113
594018
593970
593945
593852
593821
593765
593754
593576
593287
593134
592800
592770
592523
592247
592200
592063
591996
591985
591657
591366
591116
590766
590669
590667
590661
590589
590367
590193
590186
590009
589894
589892
589850
589667
589545
589476
589375
589317
589134
589008
588441
588421
588339
588148
588070
587821
587695
587654
587571
587274
587242
587203
587188
587175
586978
586754
586346
586340
586215
586209
585955
585855
585563
585546
585461
585429
585185
585166
585035
584447
584320
584177
583678
583556
583483
583483
583436
583430
583426
583158
582997
582970
582917
582774
582666
582654
582633
582627
582627
582534
582397
582308
582211
581929
581894
581788
581759
581482
581429
581426
581417
581372
581280
581228
581076
580998
580847
580573
580428
580216
580061
579929
579901
579840
579818
579631
579578
579391
579308
579078
579069
579007
578889
578698
578587
578551
578434
578258
577981
577939
577848
577829
577790
577692
577527
577473
577469
576942
576902
576780
576609
576469
576417
576416
576230
576103
575938
575929
575906
575838
575770
575706
575675
575617
575514
575094
574921
574900
574771
574747
574727
574720
574599
574366
574329
574268
574229
574044
573990
573712
573593
573519
573399
573192
573086
572985
572952
572933
572513
572433
572006
571970
571948
571774
571685
571644
571448
571239
570770
570675
570607
570485
570435
570397
570382
570281
570202
570096
570068
570065
570061
569983
569876
569206
569148
568844
568749
568746
568572
568566
568557
568439
568099
568009
567939
567888
567640
567541
567521
567463
567402
567396
567101
567088
567071
566923
566782
566682
566650
566364
566346
566266
566166
566099
565997
565918
565314
565116
565058
564821
564738
564662
564579
564443
564416
563981
563758
563744
563585
563435
563410
562733
562703
562681
562647
562646
562456
562441
562324
561925
561766
561577
561563
561268
561172
561069
560703
560466
560379
560359
560285
559906
559640
559630
559370
559338
559162
559142
559031
558509
558416
558286
558271
557438
557375
557365
557316
557288
557186
556965
556785
556773
556691
556684
556663
556503
556335
556333
556261
556246
556227
556089
555883
555652
555544
555506
555091
554987
554813
554768
554765
554695
554672
554574
554296
554079
554029
553629
553331
553162
553144
553078
552804
552784
552516
552344
552202
552169
552046
551979
551908
551824
551741
551695
551688
551432
551398
551296
551089
551043
550943
550763
550603
550386
549979
549945
549633
549577
549548
549439
549391
549330
549281
549265
549069
548986
548822
548619
548162
548101
548053
547866
547859
547756
547649
547364
547209
547114
546985
546727
546698
546565
546516
546255
546234
546102
545897
545765
545653
545364
545323
545323
545309
545246
544951
544889
544733
544668
544586
544309
544185
544175
543855
543749
543263
543001
542953
542942
542864
542562
542435
542200
542075
541925
541871
541568
541523
541402
541321
541306
541214
541113
541087
541048
540960
540884
540679
540498
540427
540411
540357
540353
540005
539855
539852
539795
539714
539447
539432
539254
539216
539049
538939
538755
538609
538465
538292
538183
538180
537952
537851
537753
537202
536629
536557
536544
536494
536479
536313
535519
535447
535197
535141
534946
534437
534384
534201
533852
533786
533783
533719
533694
533679
533614
533596
533527
533420
533082
533018
532945
532944
532833
532596
532575
532453
532343
532239
532082
531996
531869
531475
531423
531306
530871
530859
530721
530401
530249
530214
530204
529994
529993
529893
529885
529859
529824
529666
529663
529639
529353
529135
528785
528708
528657
528556
528464
528450
528443
528359
528198
528192
528162
528067
527898
527892
527753
527714
527648
527581
527530
527370
527249
527140
527011
526737
526267
526221
526017
525983
525974
525665
525581
525543
525536
525512
525331
525034
524952
524937
524749
524643
524383
524372
524305
524172
523961
523766
523706
523248
523244
523196
523185
523083
522868
522804
522779
522653
522590
522342
522320
522317
522268
522261
522039
521743
521668
521578
521577
521483
521393
521360
521250
521206
521097
521006
520769
520695
520587
520386
520215
519641
519602
519593
519593
519546
519504
519146
519029
519007
518943
518785
518703
518547
518511
518020
517937
517672
517627
517563
517100
516983
516952
516890
516876
516849
516847
516819
516733
515821
515703
515505
515490
515305
514987
514865
514855
514841
514839
514722
514665
514584
514558
514500
514447
514402
514349
514335
514184
514060
513935
513382
513320
513234
513149
513014
512869
512749
512699
512694
512502
512456
512345
512238
512135
512049
512010
511793
511769
511577
511562
511553
511509
511376
511198
511035
510794
510786
510747
510660
510623
510512
510336
510224
510172
510117
510090
509438
509423
509318
509116
509099
508950
508905
508695
508312
508237
508170
508070
507778
507686
507452
507384
507310
507188
507162
507016
507015
506974
506810
506670
506547
506535
506496
506478
506475
506312
506217
506144
505885
505739
505736
505546
505396
505244
504997
504818
504629
504525
504396
504281
504240
504229
504083
504002
503970
503778
503772
503523
503452
503261
503211
503108
503033
503021
502529
502419
502401
502255
501839
501677
501666
501608
501577
501571
501559
501531
501455
501412
501177
501129
501055
500721
500666
500485
500044
500036
499983
499853
499546
499456
499411
499376
499260
499240
499105
499019
498900
498860
498854
498837
498815
498586
498279
498226
497727
497567
497320
497099
497033
496726
496609
496465
496420
496407
496397
496201
496104
496027
495964
495508
495486
495199
494771
494452
494424
494359
494240
494202
494181
494060
493852
493832
493809
493745
493673
493602
493494
493384
493209
492633
492625
492549
491999
491823
491812
491524
491311
491237
491172
490846
490791
490663
490651
490502
490367
490304
490279
490192
490057
490039
489918
489851
489750
489632
489610
489291
489224
488908
488444
488397
488365
488332
488299
488219
488198
488015
487879
487740
487685
487593
487357
487126
487112
486929
486877
486837
486561
486522
486511
486395
486355
486248
486239
486163
485948
485793
484698
484565
484421
484399
484368
484344
484288
484105
484053
483821
483723
483694
483462
483290
483247
483024
482871
482861
482671
482640
482419
482208
482188
482175
481983
481929
481915
481682
481649
481602
481601
481445
481249
480991
480990
480931
480770
480555
480531
480520
480443
480405
480317
480287
480212
480116
479790
479493
479445
479232
479145
478945
478705
478644
478525
478393
478378
478345
478248
478194
478185
478181
478141
478098
478072
478056
477709
477612
477530
477439
477243
477164
476920
476848
476821
476639
476513
476428
476356
476238
476227
476193
475837
475827
475767
475725
475629
475566
475485
475367
475052
475015
474862
474716
474507
474489
474459
474388
474291
474209
474199
473926
473815
473758
473603
473483
473107
473066
472933
472794
472736
472680
472656
472643
472557
472552
472542
472537
472193
472147
472128
471967
471727
471505
471498
471386
471357
471122
471101
471029
470724
470576
470334
470142
469780
469409
469338
469276
469101
468860
468753
468747
468692
468692
468641
468079
468065
468036
468029
468013
468005
467719
467670
467580
467547
467388
467311
467287
467273
467218
466962
466937
466925
466910
466873
466812
466428
466427
466162
466072
466011
465755
465461
465379
465053
465026
464930
464813
464793
464490
464079
464031
463939
463903
463791
463752
463735
463668
463629
463601
463596
463271
463255
463220
462777
462716
462517
462478
462467
462405
462226
462150
462089
462035
462029
461888
461861
461665
461663
461659
461367
461180
461085
461051
460891
460882
460856
460492
460293
460222
460044
459985
459786
459693
459653
459555
459499
459367
459015
458825
458795
458764
458350
458277
458263
458201
458029
457812
457497
457408
457312
457037
456495
456361
456347
456342
456241
456215
456187
456119
455924
455832
455397
455341
454831
454622
454524
454475
454179
453836
453733
453565
453178
453054
452669
452528
452373
452127
451979
451978
451722
451612
451472
451427
451397
451242
451144
450987
450986
450948
450778
450750
450655
450627
450547
450539
450459
450295
450202
450147
450053
449832
449745
449664
449631
449572
449060
449037
448955
448882
448620
448034
447837
447773
447577
447546
447277
446368
446266
446073
445990
445956
445844
445780
445720
445669
445664
445333
445215
445107
445041
444947
444888
444822
444381
444363
444262
444112
444015
444007
443990
443933
443906
443869
443837
443729
443628
443522
443459
443445
443395
443370
443358
443271
443223
443214
443120
443117
442931
442860
442856
442802
442780
442651
442188
441934
441925
441854
441715
441545
441526
441386
441308
441183
441121
441103
440962
440933
440854
440672
440458
440454
440005
439949
439946
439685
439542
439325
439308
439234
439104
439050
439043
438791
438638
438606
438024
438013
437994
437901
437827
437807
437805
437679
437347
437149
437125
437094
436911
436853
436727
436548
436466
436330
436293
435995
435898
435834
435732
435400
435368
435344
435266
435083
435068
434969
434796
434689
434627
434484
434445
434332
434278
434235
434117
434021
433919
433901
433872
433777
433555
433452
433404
433284
433261
432948
432873
432809
432782
432742
432468
432244
431886
431860
431842
431730
431121
431069
430643
430619
430249
430153
430052
429928
429792
429776
429499
429453
429373
429096
429014
428900
428809
428683
428628
428414
428367
428360
428333
428130
428124
428033
428015
427950
427910
427562
427531
427356
427271
426984
426618
426505
426303
426261
426005
425909
425876
425760
425715
425198
424909
424201
424189
423988
423788
423770
423661
423634
423487
423257
423069
422916
422856
422780
422772
422651
422362
422327
422201
421978
421861
421634
421553
421539
421378
421234
421166
421142
420992
420981
420921
420788
420591
420507
420264
420126
419955
419906
419879
419875
419831
419509
419487
419431
419408
418983
418806
418373
418368
418334
418296
418098
418019
417644
417600
417492
417371
416875
416734
416355
416286
416073
415851
415747
415704
415598
415592
415587
415326
415298
415175
414836
414718
414556
414513
414483
414411
414365
414257
414168
414049
413711
413657
413192
413175
413124
412909
412881
412752
412516
412297
412102
412028
411990
411709
411613
411610
411412
411252
411122
410883
410819
410626
410237
410233
410196
409979
409796
409564
409402
409393
409366
409260
409208
409179
408923
408920
408682
408547
408486
408411
408408
408407
408378
408341
408305
408095
408093
407895
407680
407510
406890
406655
406631
406465
406399
406233
406226
406200
406010
406000
405980
405768
405757
405435
405360
405296
405208
405199
405173
405081
404981
404838
404758
404614
404333
404075
404074
404051
403945
403806
403706
403446
403445
403402
403224
402946
402804
402765
402663
402589
402572
402233
402226
402091
401979
401745
401708
401559
401383
401354
401153
401115
401084
400997
400524
400499
400473
400454
400352
400286
400259
400066
400042
399985
399936
399876
399735
399366
399364
399140
398931
398908
398622
398603
398593
398451
398331
398123
398122
398108
398034
397938
397694
397461
397455
397219
397205
397102
397074
397062
397059
396930
396859
396733
396679
396654
396296
396179
396126
395963
395910
395684
395611
395321
395134
395116
395069
394596
394483
394453
394314
394108
394046
393968
393935
393819
393560
393426
393278
393221
392667
392644
392506
392163
391933
391916
391450
391407
391348
391182
391127
390924
390856
390841
390690
390680
390636
390453
390389
390183
389981
389921
389917
389881
389723
389526
389523
389448
389311
389160
388951
388905
388743
388619
388456
388045
387944
387604
387591
387490
387386
387355
387313
387263
387239
387228
387044
386866
386410
386322
386314
386301
386254
386186
386086
386068
385898
385624
385346
385200
384987
384692
384582
384411
384154
384122
383874
383616
383387
383105
383083
382959
382624
382554
382256
382008
381989
381841
381841
381717
381473
381368
381350
381331
381133
380991
380968
380933
380870
380784
380487
380473
380370
380307
380300
380283
380230
380195
380127
380114
379915
379877
379738
379471
379431
379421
379191
378997
378930
378741
378695
378667
378545
378290
378151
378072
378037
377928
377814
377635
377398
377288
377254
376796
376787
376682
376608
376569
376493
376240
376164
376082
375811
375792
375736
375488
375394
375105
375008
374531
374434
374328
374103
373920
373706
373517
373075
373041
372844
372455
372346
372217
372167
372109
372078
372002
371724
371560
371508
371330
371294
370719
370388
370373
370177
370002
369878
369674
369528
369527
369437
369038
369005
368857
368793
368748
368683
368645
368557
368380
368310
368146
368097
368001
367931
367899
367897
367737
367578
367088
367071
367009
366740
366726
366653
366556
366529
366461
366092
365923
365868
365578
365472
365463
365425
365243
365069
365008
364794
364791
364620
364572
364098
363802
363727
363703
363572
363477
363414
363351
363261
363197
363105
363061
362939
362921
362787
362600
362449
362424
362415
362299
362253
362041
361981
361839
361708
361681
361654
361639
361524
361471
361446
361280
361190
361155
361138
360756
360709
360051
360050
359815
359780
359778
359654
359621
359601
359345
359240
359108
359040
359011
359002
358977
358806
358667
358621
358591
358535
358532
358400
358298
358277
358135
358034
357936
357816
357780
357675
357609
357486
357462
357322
357265
357259
357236
357198
357184
357067
356942
356895
356874
356855
356703
356600
356591
356399
356383
356324
356070
355159
354572
354145
354119
354018
353999
353942
353386
352896
352385
352376
352286
352085
351928
351863
351706
351625
351444
351136
350953
350795
350715
350690
350298
350176
349946
349690
349362
349259
349165
348678
348578
348518
348410
348368
348361
348138
347912
347760
347734
347679
347426
347380
347243
346908
346895
346889
346714
346694
346173
346158
345901
345843
345782
345705
345644
345544
345319
345310
345309
345284
345158
345129
345113
344858
344783
344612
344594
344584
344580
344491
344485
344353
344273
343919
343911
343854
343848
343631
343591
343461
343424
343271
343236
343235
343138
343113
343008
342954
342853
342639
342441
342295
342253
342052
341813
341676
341605
341585
341561
341518
341437
341237
341191
341052
340975
340674
340473
340451
340274
340039
339980
339971
339891
339836
339816
339797
339652
339595
339459
339451
339414
339340
339226
339040
338999
338804
338770
338698
338696
338662
338504
338226
337886
337741
337598
337589
337521
337158
337061
337028
336989
336873
336814
336710
336687
336332
336304
336113
336104
336083
336035
335974
335932
335696
335358
335336
335074
334991
334780
334658
334145
333938
333929
333790
333460
333096
333011
332832
332624
332521
332502
332018
331981
331923
331882
331594
331574
331399
331381
331349
331302
330836
330777
330674
330402
330288
330071
329838
329831
329827
329797
329553
329237
329183
329156
329055
328281
328063
328002
327314
327285
327235
327016
327007
326906
326548
326542
326274
326220
326213
326203
326080
325803
325800
325669
325537
325535
325420
325288
325281
325097
325066
324480
324418
324336
324203
324107
323939
323880
323856
323681
323372
323188
323177
323120
322867
322828
322651
322512
322105
321697
321655
321373
321361
321307
321253
321200
321113
320841
320739
320627
320501
320399
320339
320317
320274
320251
320203
320141
320111
320042
319871
319797
319541
319520
319338
319210
319168
319117
319113
319057
318937
318899
318824
318592
318573
318573
318570
318523
318147
317965
317890
317626
317455
317262
317226
317163
317075
316989
316938
316936
316918
316876
316823
316723
316580
316538
316457
316112
315853
315773
315697
315344
315100
315027
314781
314706
314385
313875
313838
313799
313720
313649
313637
313563
313551
313535
313483
313446
313433
313415
313370
313259
312971
312850
312844
312825
312798
312384
312284
312008
312001
311833
311821
311640
311404
311403
311311
311293
311208
311201
311192
311185
311134
310988
310770
310705
310593
310561
310551
310373
310351
310300
310279
310275
310113
309990
309987
309912
309907
309668
309487
309466
309425
309197
309123
309000
308864
308849
308836
308819
308774
308765
308754
308601
308480
308180
308118
308107
307858
307678
307629
307532
307292
307036
306905
306787
306783
306691
306593
306357
306165
306005
305941
305856
305743
305648
305521
305461
305393
305276
304682
304450
304315
304098
303996
303994
303990
303935
303633
303604
303583
303507
303457
303427
303331
303299
303259
303210
303169
302989
302979
302823
302662
302598
302450
302305
302170
302164
302135
302041
301586
301469
301388
301317
301280
301072
301054
300983
300733
300656
300199
299913
299848
299664
299566
298783
298762
298757
298616
298565
298500
298324
298242
298183
298128
298101
298070
297662
297550
297360
297288
296897
296872
296841
296775
296668
296602
296481
296426
296248
295786
295656
295503
295433
295167
295136
295035
294883
294877
294840
294362
294011
293800
293760
293590
293142
292984
292885
292531
292369
291966
291853
291759
291340
291128
291013
290812
290586
290516
290515
290235
290224
289943
289880
289773
289709
289620
289497
289477
289368
288907
288764
288536
288305
288140
287904
287727
287702
287651
287640
287440
287298
287052
286994
286981
286979
286834
286407
286304
286118
286091
285952
285910
285831
285680
285551
285492
285480
285347
284917
284917
284805
284758
284516
284501
284443
284241
284203
284193
284155
284006
283766
283486
283126
283026
282860
282858
282812
282550
282255
282059
282039
281938
281851
281691
281496
281314
280871
280841
280646
280608
280403
280067
280008
279771
279582
279271
279224
279154
279091
279089
279035
279014
278914
278857
278753
278710
278637
278636
278591
278557
278311
278305
278203
278087
278042
277866
277830
277799
277708
277592
277584
277431
277414
277267
277218
277201
277183
277142
277068
277060
276856
276768
276732
276664
276546
276533
276450
276423
276021
275774
275669
275507
275379
275188
275184
275097
274885
274792
274458
274434
274380
274362
274165
273916
273473
273383
273359
273342
273335
273265
273133
273132
273085
273060
272824
272682
272405
272286
272236
272148
272115
272087
272067
271920
271828
271788
271564
271204
271108
270927
270903
270800
270437
270060
269983
269982
269746
269481
269436
269172
269157
269033
268992
268982
268928
268823
268627
268594
268533
268511
268416
268380
268132
268000
267745
267627
267394
267381
267271
267196
266992
266948
266937
266830
266793
266714
266573
266238
266229
266061
266043
265979
265941
265932
265878
265829
265711
265570
265561
265544
265528
265513
265405
265366
265297
265269
265248
265026
264937
264914
264891
264847
264760
264716
264712
264658
264499
264001
263981
263934
263668
263661
263577
263439
263435
263414
263305
263297
263274
263255
262945
262604
262592
262373
262256
262154
262127
261977
261940
261622
261479
260996
260867
260681
260568
260529
260528
260479
260342
260325
260324
260246
260236
259943
259837
259741
259536
259363
259276
259165
259006
258856
258833
258788
258489
258388
258364
258345
258272
257063
256816
256522
256521
256490
256437
256421
256376
256273
256196
256162
255927
255842
255799
255512
255245
255056
254977
254966
254873
254672
254652
254623
254584
254526
254341
254240
254217
253932
253886
253862
253798
253791
253468
253279
253160
253157
253067
253052
252957
252820
252733
252553
252542
252474
252409
252378
252095
251928
251900
251794
251787
251677
251626
251535
251368
251319
251304
251263
250999
250600
250580
250558
250459
250171
249958
249955
249905
249903
249700
249618
249502
249419
249114
248970
248920
248809
248671
248665
248629
248339
248192
248015
247999
247884
247296
247269
246632
246610
246596
246472
246362
246155
246068
246037
246015
246007
245865
245781
245767
245596
245300
245259
245220
245201
245181
245075
245026
244995
244971
244879
244844
244795
244736
244601
244509
244481
244439
244207
244204
243980
243914
243896
243728
243727
243467
243393
243312
243146
243101
242884
242849
242615
242607
242197
242149
242131
241989
241953
241859
241700
241695
241652
241598
241459
241288
241250
241175
240833
240648
240427
240406
240391
240368
240363
240325
240175
239925
239729
239654
239618
239565
239360
239225
239153
239064
239019
238822
238760
238537
238199
238138
238109
238000
237972
237922
237853
237759
237504
237379
237301
237200
237111
237086
237023
236909
236880
236809
236726
236702
236619
236362
236354
236164
236103
235778
235711
235657
235520
235122
235023
234812
234755
234752
234728
234631
234379
233947
233342
232873
232767
232760
232739
232039
231870
231813
231751
231660
231632
231262
231187
230873
230849
230617
230596
230582
230477
230435
230387
230376
230318
229997
229939
229903
229883
229838
229829
229785
229710
229650
229626
229439
229295
229236
228804
228739
228660
228537
228322
228316
228026
227830
227618
227395
227367
227322
227291
227268
226998
226972
226713
226562
226493
226485
226345
226099
226094
225978
225778
225736
225712
225263
225191
225173
225162
225115
225045
225030
224838
224603
224490
224480
224387
224334
224167
224144
224118
224117
223955
223892
223743
223597
223357
223337
223330
223215
223053
222714
222276
222183
222163
222097
221767
221685
221492
221342
221234
221160
221087
221051
220977
220955
220684
220651
220411
220371
220106
219926
219835
219830
219800
219646
219479
219454
219409
219199
219027
218867
218720
218717
218697
218661
218613
218579
218516
218461
218457
218166
218141
218027
217988
217902
217831
217686
217573
217504
217418
217355
217282
217275
217273
217071
216783
216737
216387
216168
215962
215897
215884
215635
215550
215194
214886
214885
214828
214803
214747
214719
214657
214588
214503
214311
214194
214080
214043
213777
213765
213625
213122
212990
212928
212663
212505
211921
211849
211771
211746
211620
211611
211144
210760
210702
210622
210505
210111
209966
209782
209763
209581
209094
208916
208738
208499
208461
208457
208173
208173
208166
208098
207804
207739
207717
207526
207041
206991
206949
206898
206875
206780
206717
206367
206290
205941
205917
205640
205597
205279
205246
205084
205011
204650
204552
204299
204032
204026
204014
203786
203749
203441
203428
203215
203211
203143
203122
203095
203087
203050
202847
202774
202774
202708
202686
202625
202377
202319
202207
201995
201849
201692
201406
201397
201201
201103
201088
201026
201015
200927
200787
200769
200536
200482
200373
200141
199830
199803
199784
199761
199736
199728
199429
199372
199186
199051
198926
198285
198235
198198
198085
198046
197975
197717
197714
197689
197573
197350
197334
197290
197279
197223
197129
196971
196959
196927
196725
196717
196677
196482
196305
196128
195765
195740
195511
195489
195423
195352
195079
195035
194969
194874
194505
194441
194393
194085
194008
193968
193681
193431
193253
193156
193022
192977
192918
192860
192747
192732
192436
192315
192088
192028
192024
191846
191777
191752
191723
191562
191443
191211
190798
190792
190761
190742
190514
190361
190346
190337
190098
189814
189685
189666
189594
189570
189381
189336
189276
189153
189060
188888
188844
188836
188240
188183
188115
188100
187869
187861
187844
187828
187579
187366
187353
187238
187189
187120
187012
186979
186922
186889
186592
186481
186421
186408
186369
186298
185950
185716
185430
185426
185399
185297
184951
184817
184786
184778
184594
184564
184340
184325
184321
184144
184122
184033
183973
183901
183792
183672
183642
183419
183103
183099
183061
183055
183020
182807
182721
182427
182128
182081
181960
181772
181688
181397
181361
181303
181163
180962
180815
180530
180397
180353
180304
179946
179918
179795
179674
179460
179426
179305
179208
178686
178492
178363
178279
177566
177529
177524
177304
177217
177150
177114
177112
177056
176723
176715
176676
176581
176538
176057
176027
175931
175812
175526
175281
175118
175095
174816
174808
174466
174438
174394
174349
174331
174292
174044
173869
173713
173662
173647
173535
173498
173412
173280
173243
173149
173032
172959
172848
172839
172811
172695
172663
172439
172329
171983
171888
171764
171451
171195
171185
171109
171076
170931
170781
170728
170528
170527
170498
170479
170448
170419
170293
170225
169964
169956
169841
169505
169426
169190
168949
168939
168931
168828
168531
168456
168367
168338
168078
167945
167636
167625
167449
167392
167276
167189
167186
166538
166381
166356
166227
166150
165957
165936
165756
165681
165642
165562
165032
164908
164762
164713
164568
164442
164346
164326
164212
164148
163903
163687
163649
163546
163478
163428
163202
163134
162965
162937
162759
162721
162680
162435
162418
162351
161837
161834
161778
161710
161682
161641
161483
161465
161251
160957
160898
160890
160786
160771
160764
160666
160373
160285
160083
159986
159783
159723
159664
159590
159468
159410
159388
159317
159281
159132
158881
158638
158408
158331
158065
157969
157763
157754
157727
157655
157577
157529
157313
157263
157001
156980
156915
156850
156721
156650
156445
156097
156031
155662
155468
155393
155135
155005
154870
154848
154818
154719
154643
154530
154430
154384
154168
154154
154146
154140
154091
153863
153829
153714
153683
153568
153425
153358
153296
153279
153183
152677
152625
152492
152275
152224
152086
152071
152053
151853
151655
151570
151478
151111
151068
151064
151060
151015
150802
150584
150414
150206
150087
149943
149942
149826
149380
149202
148957
148948
148825
148652
148583
148531
148516
148427
148352
148244
148242
148086
148063
147943
147833
147658
147633
147614
147510
147493
147455
147053
146865
146778
146763
146597
146455
146400
146387
146386
146328
146102
146085
146064
145989
145601
145493
145422
145364
145349
144940
144779
144764
144621
144605
144560
144380
144290
144222
144178
144119
144082
143952
143797
143786
143779
143159
142927
142844
142501
142495
142486
142272
142207
142204
142119
141989
141982
141942
141896
141536
141483
141260
141246
141088
141048
140922
140839
140391
140100
140077
139927
139833
139823
139786
139631
139580
139536
139418
139399
139347
139312
139104
138904
138895
138797
138747
138746
138503
138477
138130
138108
138086
138072
137788
137719
137483
136991
136990
136947
136909
136664
136645
136278
136120
136049
135929
135673
135346
135341
134918
134783
134653
134529
134528
134448
134364
134332
134299
134132
134126
134066
133713
133530
133520
132808
132657
132467
131885
131522
131511
130998
130676
130413
130401
130274
130067
129917
129907
129788
129775
129454
129140
128978
128856
128713
128611
128514
128510
128489
128415
128299
128284
128189
128131
127947
127898
127870
127802
127614
127594
127567
127368
127360
127120
127107
127103
126960
126848
126738
126642
126501
126431
126340
126245
126205
126188
126032
125789
125785
125639
125557
125420
125416
125205
125199
124824
124569
124448
124431
124389
124377
124326
124068
123856
123710
123621
123587
123586
123246
123090
123065
123057
122997
122950
122808
122748
122026
121682
121628
121606
121571
121533
121453
121343
120975
120884
120716
120693
120601
120596
120520
120479
120381
120312
120273
120272
120217
120007
119959
119933
119893
119844
119796
119663
119660
119526
119428
119317
119200
119168
119158
119147
118936
118874
118862
118860
118783
118677
118461
118334
118332
118128
118040
117981
117748
117345
117183
117147
116864
116838
116385
116364
116239
115886
115760
115681
115677
115662
115567
115156
114843
114838
114756
114699
114630
114440
114420
114260
114187
114134
113987
113803
113704
113678
113654
113609
113542
113465
113275
113172
113045
112911
112904
112717
112666
112556
112549
112530
112354
112277
112120
111813
111613
111611
111572
111343
111111
111091
110871
110810
110504
110420
110140
110016
109995
109866
109737
109719
109356
109148
109139
109138
109076
108988
108816
108717
108578
108487
108148
108110
108076
107827
107783
107777
107766
107765
107712
107170
106842
106799
106641
106617
106429
106351
105991
105482
105404
105186
105022
105002
104790
104629
104538
104473
104452
104128
104110
103567
103537
103372
103253
103132
103085
102966
102948
102860
102792
102770
102760
102538
102310
102129
102082
102053
101954
101769
101756
101674
101664
101660
101336
101261
101106
100954
100742
100713
100658
100618
100603
100425
100126
99804
99547
99524
99483
99481
99452
99394
99059
98990
98863
98704
98387
98355
98149
98095
98059
97956
97879
97713
97698
97669
97511
97325
97154
96983
96932
96405
96374
95954
95894
95711
95314
95287
94660
94597
94399
94362
94305
94030
94028
93957
93935
93848
93575
93521
93360
93237
92994
92971
92949
92822
92278
92237
92103
91982
91955
91712
91077
90871
90868
90710
90429
90224
90046
90030
89616
89564
89541
89442
89408
89058
89007
88877
88474
88188
88100
87923
87862
87692
87686
87574
87224
87114
87095
86956
86871
86744
86675
86378
86358
86143
85979
85952
85736
85483
85479
85352
85295
85290
85190
84966
84834
84788
84570
84531
84373
84361
84142
84133
83888
83865
83833
83708
83492
83335
83177
83170
82860
82603
82505
82204
82153
82076
81913
81873
81792
81719
81582
81346
81303
81052
80951
80873
80761
80669
80649
80627
80609
80440
80368
80304
80131
80001
79909
79853
79605
79580
79477
79462
79418
79331
79265
79252
79209
79148
78791
78383
78331
78317
78101
77917
77915
77314
77307
77112
77095
77035
76976
76698
76408
76269
76043
76020
75956
75398
75102
75049
74967
74927
74914
74907
74458
74409
74344
74330
74294
74093
73954
73832
73824
73463
73446
73398
73386
73211
73052
72805
72777
72729
72536
72132
72075
71686
71448
71200
71193
71052
70948
70579
70496
70238
70150
70146
70081
69344
69265
69079
69046
68968
68898
68864
68801
68632
68550
68475
68415
68353
67915
67860
67855
67779
67393
67299
67129
66851
66829
66719
66706
66257
66146
66018
65944
65917
65751
65675
65507
65366
65313
65296
65232
65189
65182
65159
64928
64927
64768
64656
64595
64593
64581
64565
64467
64335
64335
64084
63913
63874
63692
63503
63491
63465
63057
62942
62720
62687
62594
62521
62497
62454
62437
62099
61949
61923
61865
61492
61455
61441
61007
60669
60597
60207
60165
60062
59729
59711
59558
59532
59368
59329
59072
59041
59003
58946
58819
58668
58392
58052
58029
57943
57930
57892
57736
57710
57696
57687
57685
57498
57440
57179
57103
56995
56960
56960
56880
56828
56824
56691
56650
56592
56571
56367
56299
56281
56130
56009
55935
55882
55819
55792
55740
55620
55243
55084
54901
54524
54466
54007
53952
53912
53644
53531
53438
53424
53355
53294
53187
53124
52804
52742
52523
52461
52455
52155
52035
51955
51947
51767
51607
51519
51444
51323
50986
50913
50903
50575
50433
50383
50293
50279
50017
49855
49777
49687
49684
49646
49582
49498
49324
49127
49088
49033
48835
48818
48641
48563
48549
48082
48016
47852
47772
47571
47448
47346
47234
47173
46949
46914
46859
46814
46797
46769
46580
46480
46446
46414
46398
46384
46258
45756
45639
45513
45324
45289
45200
45158
45152
44888
44661
44610
44567
44429
44413
44328
44257
44085
44044
43860
43717
43525
43504
43487
43429
43055
42788
42658
42536
42483
42451
42240
42207
42188
42049
41974
41960
41920
41915
41855
41580
41369
41286
41241
41222
41070
41031
40581
40419
40400
40338
40320
40268
40148
40132
40106
40048
39935
39785
39777
39739
39252
39166
38909
38854
38741
38709
38603
38577
38537
38397
38392
38386
38354
38339
38289
38271
38140
38114
37706
37398
37249
37011
36903
36845
36765
36599
36595
36554
36539
36360
36340
36201
36177
36066
36055
35937
35803
35779
35473
35109
34973
34682
34461
34376
34216
34113
33787
33705
33511
33484
33335
33182
33028
32988
32959
32855
32684
31939
31819
31729
31601
31542
31454
31433
31366
31341
31196
31176
31152
31077
30859
30779
30653
30563
30562
30413
30329
30324
30098
29375
29320
29208
29197
29188
28611
28532
28490
28271
28197
28161
27909
27759
27595
27427
27120
27093
26890
26803
26682
26339
26249
26097
25695
25462
25438
25295
25160
25025
25002
24825
24753
24589
24526
24225
24107
23873
23822
23636
23527
23229
23082
22963
22755
22629
22619
22209
22097
22011
21839
21566
21419
21404
21281
21059
20944
20720
20720
20562
20516
20425
20158
20036
20026
19921
19826
19820
19778
19036
18884
18765
18738
18539
17922
17893
17850
17766
17738
17612
17570
17478
17300
17159
17154
17148
16994
16807
16365
16188
15997
15169
15109
15015
14922
14911
14768
14644
14608
14586
14420
14345
14168
14162
14136
14059
13826
13319
13308
13152
13054
13020
12767
12538
12523
12359
12172
11859
11779
11556
11457
11371
11161
11103
11028
11025
11009
10954
10910
10877
10625
10588
10475
10470
10455
10045
10037
9925
9848
9642
9417
9199
9003
8999
8949
8945
8831
8823
8820
8811
8638
8526
8437
8434
8271
8235
8002
7705
7660
7319
7068
7035
7000
6995
6925
6674
6573
6390
6233
6220
6052
5890
5847
5838
5407
5359
5210
5189
5185
5148
5039
4619
4615
4476
4246
4211
3635
3578
3536
3411
3305
3104
3083
3075
3038
2879
2741
2715
2640
2632
2112
2078
2028
1929
1888
1830
1829
1825
1602
1570
1524
1494
1468
1380
1310
1127
806
724
621
336
119