999434
999037
998958
998347
997929
997588
997443
997359
997256
997175
997162
997069
996680
996638
996504
996365
996246
995722
995612
995308
994871
994478
994080
993949
993899
993863
993505
993349
993318
993010
992625
992188
992147
991987
991844
991762
991699
991220
990693
990667
990663
989930
989854
989842
989677
989588
989518
989369
989197
988654
988250
987860
987554
987450
987089
985757
985181
984857
984857
984748
984245
983600
982545
982312
982085
981267
981222
981103
980878
980702
980471
980406
980207
980185
980076
979910
979544
979306
979301
978755
978269
978253
978072
977981
977687
977585
977506
977460
977309
977260
977178
977099
977083
976816
976565
976245
975802
975565
975426
975284
974891
974420
974344
974260
974168
974015
973883
973763
973749
973637
973317
973305
973021
972968
972492
972129
971314
971197
971142
971057
971024
971018
970520
970438
970324
970201
969902
969885
969272
969094
968829
968542
968420
968385
967894
967105
966927
966891
966820
966808
966726
966664
966227
966148
966137
966072
965782
965466
965392
965337
965305
965033
964711
964330
963969
963964
963776
963725
963075
962907
962797
962058
961748
961440
961299
961265
961029
961025
960967
960237
960206
960126
959826
959423
958901
958762
958752
957971
957930
957783
957456
957321
956346
956274
955745
955335
955056
954400
954307
954282
954268
953765
953714
953596
953318
952950
952822
952771
952568
952547
952466
951214
951119
950155
950145
949965
949527
949278
949104
948954
948908
948449
947736
947368
946948
946833
946545
946403
945111
945001
944786
944563
943802
943675
943569
943516
943426
943309
943297
943284
943126
942925
942908
942760
942726
942340
942052
941609
941204
940669
940250
939993
939927
939780
939730
939569
938140
938086
937994
937993
937670
937325
936759
936609
936509
936090
935503
935372
935162
935155
935078
934219
933891
933775
933522
933440
933279
932985
932875
932718
932030
931596
931339
931339
930950
930945
930331
930298
930266
930197
930096
930007
929720
929499
928834
928480
928044
927926
927907
927643
927232
927077
926670
926557
926511
926064
925376
925307
925025
924989
924932
924375
923995
923426
923138
923099
923043
923008
922950
922904
922724
922621
922550
922457
922188
921532
921202
920737
920700
920593
920333
919219
919074
919011
918868
918800
918455
918153
918001
917728
917354
917163
917025
916883
916868
916805
916633
916611
916041
915899
915818
915457
915440
915425
915321
915185
914781
914662
914277
913868
913652
913608
913501
913432
913274
913126
913054
913037
912827
912638
912606
912476
912440
912287
912077
911867
911435
911007
910675
910623
910607
910240
909824
908570
908547
907783
907703
907580
907261
907005
906832
906825
906116
905593
905342
905318
905252
905044
904877
904512
904484
904425
904215
903999
903861
903269
903266
903260
902549
902008
901775
901762
901682
901105
900947
900875
900588
900174
900088
899447
899181
899125
898308
897949
897860
897607
896746
896449
895840
895738
895713
895210
894636
894589
894554
894532
894183
894154
893777
893718
893469
893310
892694
892149
891899
890237
889644
889491
889375
889150
888791
888766
888323
888299
888267
888201
888111
888079
888031
887817
887724
887609
887608
887054
886730
886348
886088
885661
885636
885008
885004
884994
884904
884802
884562
884340
883934
883881
883862
883846
883602
883453
883376
882490
881938
880808
880129
880090
879667
879647
879594
879134
879082
879030
878938
878475
878173
878141
878014
877798
877748
877710
877671
877535
877138
876765
876744
876533
876419
876354
876339
876138
876122
875956
875894
875752
874735
874726
874691
874413
874360
874114
873712
873405
872629
872230
872201
871958
871812
871431
871360
870652
869298
869266
869223
869011
868888
868886
868856
868709
868603
868398
868314
868258
868189
868134
867775
866671
866516
866407
866242
866140
865495
864957
864212
864019
863983
863623
863278
862892
860285
860174
859859
859802
859792
859545
859482
859459
858883
858510
858249
858123
858117
857576
857451
857401
857153
856805
856353
855682
855533
855217
855171
855033
854271
854241
853583
853533
853463
853389
853191
852924
852904
852843
852692
851830
851321
851250
851182
851009
850815
850498
850210
849649
849574
849179
848898
848795
848739
848735
848547
848249
848235
848017
847875
846862
846588
846198
846015
845993
845788
844818
844743
844708
844271
844245
843977
843977
843933
843901
843855
843279
843050
842950
842914
842863
842722
842652
842393
842054
841938
841777
841470
841460
841031
841010
840586
840300
840192
839872
839400
839390
838887
838842
838782
838771
837778
837718
837583
837168
837084
836808
836795
836706
836526
836286
836221
836217
836111
835535
835451
835369
835317
835248
835026
834971
834347
834294
834251
834238
834059
833888
833837
833546
833522
832590
832048
831813
831504
831427
831379
830921
830635
830479
830304
830296
830246
830176
830122
829836
829585
829313
829244
828373
828097
828026
827809
827459
827246
827167
827001
826534
826232
826186
825709
825690
825187
825056
824970
824923
824687
824408
821963
821792
821644
820980
820903
820829
820751
820681
820605
820168
819841
819716
819421
819410
819358
819225
819049
818989
818989
818790
818646
818552
818411
818261
818114
817829
817576
817421
817348
816925
816717
816539
816487
816368
815842
815537
815338
815224
814295
813931
813816
813675
813433
813386
813069
813065
812952
812859
812493
812484
812315
812271
812133
812071
811881
811744
811072
809970
809911
809809
809309
808860
808469
808116
807995
807830
807644
807622
806736
806654
806580
806295
805466
805340
805336
805224
805026
804822
804585
804471
804137
804103
804020
803903
803713
803696
803678
803434
802794
802721
802363
802325
802290
801409
800645
800596
800587
800581
800228
800170
800120
799727
799622
799586
799410
799404
799396
799396
799255
798988
798597
798565
798343
798059
797915
797651
797633
797498
796964
796705
796329
796212
795703
795454
795425
795365
795311
795234
795214
794765
794580
794509
794439
794137
794119
794032
793732
793572
793541
793537
792913
792336
792109
791891
791886
791789
791561
790857
790441
790396
790199
790080
789812
789553
789516
789335
789116
789078
789061
788559
788411
787814
787350
787276
786832
786356
786164
785740
785735
785693
785291
784448
784380
784373
783943
783581
783523
782864
782846
782446
782421
782286
782234
781921
781720
781342
781136
780503
780374
780288
779611
779599
779541
779497
779299
779258
779252
778766
778177
778151
778042
777215
777124
776950
776782
776283
776065
775970
775912
775626
775499
775294
775171
775011
774738
774368
774357
774222
772956
772934
772708
772517
771764
771756
771711
771351
771192
771105
770866
770461
769555
769515
769222
769195
769106
769015
768799
768698
768427
768163
768125
767252
767202
766809
766071
765581
765458
765189
765058
765038
764831
764235
764186
764178
763745
763641
763562
763391
762790
762290
762113
762080
761175
760974
760855
760675
760606
760463
760349
760206
760078
760034
759517
759513
758794
758703
758459
758326
758035
757952
757918
757640
757451
757312
757278
757130
756822
756790
756665
756394
756356
756188
756047
754983
754591
754475
754053
753645
753582
753253
753056
752468
752349
751959
751777
751428
751085
751078
751010
750650
750572
750570
750180
750000
749540
748989
748856
748731
747890
747680
747536
746795
746737
746356
746018
745724
745594
745547
745533
745262
744987
744733
744728
744501
743677
743584
743054
742489
742183
741887
741814
741759
741750
741745
741227
741147
741039
740749
740363
739361
739237
739138
739052
738942
738751
738749
738644
738272
738136
738072
737894
737133
736878
736768
736762
736653
736545
736457
736395
736353
736262
736076
736003
735648
735254
734859
734506
734492
734441
734338
734178
733858
733072
732912
732575
732448
732293
732073
731844
730694
729661
729374
729273
729207
729032
728540
727991
727828
727337
726826
726700
726626
726519
726501
726270
726220
726213
726119
726051
725939
725901
725899
725508
725166
724951
724607
724437
724434
724433
724220
723770
722626
722622
722318
722184
721963
721783
721502
721101
721032
720914
720795
720689
720248
719666
719190
719059
718981
718690
718095
717478
717082
717054
716981
716870
716846
716645
716485
716075
715463
715462
715456
714571
714370
714342
713976
713961
713714
713517
713497
713380
713333
713174
712819
712357
712322
711992
711931
711550
711193
710951
710905
710871
710477
710443
710436
709850
709780
709739
709435
709376
709269
709189
708344
708343
708322
708023
707719
707687
707600
707492
707455
707367
707281
707058
706345
705214
705069
705053
704496
704266
704077
704029
703721
703690
703532
703417
703072
702324
701850
701822
701623
701513
701222
700733
700522
700356
700023
699460
699329
699314
699209
699142
699134
699026
698731
698183
697787
697767
697730
697226
697125
696341
696283
696174
695739
695549
695431
693383
693306
693100
692445
692173
691746
691621
691587
691497
691458
691216
690694
690601
690167
689921
689843
689419
689387
689343
688430
687452
687390
687110
686471
686273
686127
686069
685632
685575
685119
684368
684268
684192
683085
682562
682467
682399
681637
681574
681259
681073
680981
680624
680375
680358
680202
680199
679789
679539
679401
679380
679302
679110
678570
678549
678395
678008
677841
677804
677792
677581
677500
676838
676389
676340
675943
675572
675136
674618
674493
674140
674112
674095
674045
673833
673582
673161
673059
672949
672815
672814
672782
672770
672703
672657
672633
672321
671831
671727
671281
671137
670697
670474
670033
669849
669722
669067
668805
668667
667989
667951
667580
667414
667315
667207
667204
666859
666365
666226
666037
664492
664218
664024
663759
663017
662972
662923
662853
662539
662326
662317
662085
662051
661953
661832
661736
661685
660273
660244
660154
659672
659583
659494
658996
658361
658298
658243
657978
657937
656711
656638
656428
656295
656201
656040
656016
655833
655594
655534
655058
654795
654699
654637
654164
653877
652661
652552
652334
652295
652030
652023
651746
650585
650112
649545
649481
649358
649332
648952
648728
648650
648611
648365
648285
648089
648079
648010
647589
647470
647041
646755
646724
646654
646502
646402
646386
646350
645504
645276
644688
644564
644560
644474
644230
644214
644082
643938
643763
643720
643706
643251
643181
642850
642819
642751
642670
641340
640777
640696
640575
639964
639309
639272
639222
638509
638309
638073
637940
637762
637311
637180
636899
636780
636761
636423
636387
636223
636151
636093
635989
635876
635399
635217
634950
634827
634697
633956
633873
633849
633688
633635
633376
633278
633245
632101
631927
631892
631515
631330
631226
631066
630974
630038
629933
628473
628092
627897
627625
627496
627419
627036
626793
626299
625915
625292
624673
624671
624431
623960
623839
622454
622394
621877
621776
620451
620335
620076
619720
619419
619036
618784
618735
618518
618386
618255
618034
617507
616507
616288
616062
615826
615348
615284
615183
614957
614760
614700
614586
614576
613784
613715
613422
613156
612980
612329
611844
611724
610939
610918
610686
610677
610624
610434
610153
610023
609980
609904
609759
609629
609295
608963
608718
608641
608601
608260
607401
607278
607012
606382
606242
606099
605966
605953
605729
605089
604841
604543
604492
604467
604449
604416
604309
603773
603721
603412
603265
602988
602968
602799
602533
602313
602268
601980
601814
601762
601235
601233
600897
600784
600706
600677
600574
600081
599922
599494
599363
599358
598942
598654
598457
598409
598333
598136
597946
597308
596955
596649
596272
595893
595595
595591
595029
594678
594496
594476
594467
594268
594050
593899
593744
592952
592659
592554
592526
592457
592211
591812
591572
591559
591481
591267
591122
590897
590493
590491
590460
589997
589790
589463
589446
589259
588669
588505
588396
588134
587971
587663
587479
587181
587075
587043
586746
586471
586414
586007
585802
585732
585075
585020
585019
584642
584517
583219
583181
583062
582533
582488
582239
581884
581490
580749
580249
579988
579777
579673
579354
579344
579253
578869
578855
578703
578554
578538
578266
577418
577332
576949
576436
576231
575829
575101
575032
574992
574878
574485
574484
574463
574283
573837
573726
573651
573214
573176
573031
572974
572797
572355
572245
571946
571782
571177
571035
571003
570682
570617
570498
570471
569705
569694
569652
569272
569221
568549
568424
567759
567502
567059
566211
565633
565495
565041
564755
564506
564379
564325
564157
563821
563164
562756
562334
562064
561840
561763
560782
560630
559832
559621
559317
559271
559192
559077
558975
558424
558106
557472
557450
556874
556716
556678
556573
556539
556405
556088
555711
555662
555503
554974
554852
554509
554445
554176
553877
553406
553321
553107
553067
552757
552593
552501
551350
551336
551269
551196
551189
551040
550799
550232
549475
548422
547375
547353
547084
546518
546471
546347
546279
545869
545816
545617
545031
544856
544416
544383
544358
544186
543301
543159
542673
542363
542322
542044
541754
541377
540916
540899
540579
540270
540047
539414
539399
538864
538835
538620
538479
538474
538266
537976
537431
537384
537341
537245
536645
536595
536423
536310
536057
535844
535832
535471
535054
534806
534722
534310
534288
534007
533950
533936
533775
533553
533301
532942
532853
532852
532126
531995
531956
531271
531168
531005
530986
530890
530774
530173
530028
529889
529597
529412
529210
529001
528306
528277
528276
528167
527877
527721
527716
527702
527225
526842
526114
526049
525862
525168
525155
525010
524390
524371
524366
524189
523940
523657
523015
521854
521451
521252
521237
521151
520817
520802
520438
519840
519641
519606
519577
519379
518778
518732
518701
518565
518564
518007
517868
517840
517733
517586
517564
517305
517240
517019
515789
515671
515489
515193
515059
515045
514531
514173
513991
513582
513486
513310
513269
513172
512751
512510
512363
511757
511702
511692
511610
511530
511185
510943
510770
510482
510325
510050
509629
509165
508818
508120
507980
507944
507283
506020
505999
505619
505391
505388
505371
505320
505312
504895
504742
504240
504128
504112
504080
504027
503806
503708
503699
503559
503424
503352
503219
503150
502615
502091
501933
501925
501837
501328
501180
500894
500379
500147
499867
499717
499713
499710
499608
499084
499070
498606
498468
498276
497972
497868
497760
497530
496708
496502
495491
495350
494786
494524
494515
494422
494367
494205
493993
493802
493553
493532
492882
492663
492049
491969
491871
491678
491654
491626
491348
491225
490383
489643
489632
489013
488898
488664
488454
487638
487304
487054
485576
485257
485187
485139
484997
484575
484269
484168
483910
483676
483636
483480
483003
482328
482220
482034
481553
481414
480583
480504
480447
480388
480270
479754
479741
479634
479556
479334
479101
479092
478961
478394
477687
477661
477385
477368
477170
477161
477144
476980
476440
475838
475690
475582
475566
475379
474611
474179
474061
473999
473308
472664
472532
471664
471245
471185
471042
470729
470638
470631
470511
470419
470132
470059
469939
469883
469814
469498
468903
468655
468606
468602
468378
468152
468118
467548
466997
466851
466790
466631
466486
465339
465149
464985
464774
464647
464094
463867
463691
463433
463158
462201
461970
461903
461678
461577
461188
461186
460424
460217
460058
459714
459316
459043
458951
458510
457929
457854
457525
457307
455759
455549
455312
455249
454831
454747
454539
454245
453683
453365
453358
452783
452559
452402
452182
451822
451793
451474
451445
451147
451105
451090
450969
450631
450615
450349
450284
450121
449909
449315
449078
448707
448349
448319
447508
447344
447262
446651
446523
446334
446280
445789
445655
445630
445296
445114
444494
444434
444408
444216
443657
442582
442575
442542
442351
442282
442015
441549
441307
441243
440386
440311
440265
440259
439579
439453
439352
439181
439091
438892
438820
438552
438392
438345
438118
436990
436989
436959
436887
436773
436120
436103
436099
435865
435817
435780
435720
435659
435558
435542
435271
435138
435046
434542
434521
434295
434173
433801
432877
432820
432416
432370
431790
431573
431419
431236
430585
430364
429989
429965
429927
429614
429132
428997
428982
428829
428810
428498
427358
427351
427340
427262
426838
426578
426306
425036
424731
424526
424454
423667
423397
423374
423136
423105
422941
422911
422548
422082
422028
421547
421473
421099
420496
420276
420141
419734
419600
419046
418663
418637
418573
418489
418416
418321
417860
417661
417332
416927
416613
416549
416474
416241
415982
415694
415220
415219
414900
414850
414830
414721
414179
414010
414010
413309
412756
412343
412152
412102
411677
411418
411365
411348
411134
411072
411053
410929
410798
410782
410558
410545
409447
407851
407502
407412
407116
406787
406547
405749
405369
405303
404431
404084
403984
403515
403402
403240
403003
402560
401930
401923
401907
401867
401825
401745
401581
401345
400738
400449
399989
399885
399623
399217
399113
398259
398226
398012
397287
396649
396599
396350
396274
395962
395760
395690
395506
395177
395129
394856
394495
393974
393655
393622
393561
393071
392986
392387
391669
391656
391142
391119
390853
390721
390673
390616
390252
390198
388526
388020
387778
387702
387447
387337
386885
386787
386702
386565
386526
386445
386140
386139
385868
385469
385468
385467
385373
385119
384930
384905
384056
383920
383730
383682
383092
382954
382791
382459
381690
381135
380638
380193
380107
379920
379907
379902
379901
379857
379653
379636
379236
378632
378609
378575
378549
378321
376735
376111
376024
375927
375857
375795
375786
375610
375162
375001
374980
374932
374805
374684
374652
374239
374027
373406
373105
373094
373034
373003
372503
372423
371921
371509
371074
370673
370599
370568
370535
369948
369491
369187
369069
368899
368559
368528
367869
367455
365953
365670
365480
365123
364978
364877
364627
364590
364563
363818
363708
363192
363189
363016
362726
362489
361874
361771
361690
361460
361384
361317
361200
360575
360361
360340
358972
358866
358656
358282
357862
357850
357829
357814
357454
357363
356575
356424
356340
356307
356003
355841
354590
353320
353252
353154
352284
352207
352202
352164
352156
352093
352011
351716
351636
351571
351561
351542
351520
351375
351230
351113
350653
350264
350174
350114
349774
349772
349753
349680
349652
349563
349034
349005
348924
348675
348515
348489
348461
348188
347739
346992
346304
346161
346037
345939
345895
345354
345317
345196
345157
345151
345119
344891
344713
344084
343850
343406
342501
341921
341892
341791
341585
341448
341164
340857
340515
340503
340197
340176
339890
339831
339722
339574
339176
339120
339027
338754
338717
338632
338087
338009
337892
337711
337669
337257
337098
336849
336839
335857
335564
335452
335398
335180
334934
334834
334707
334240
333285
333084
332033
331482
331002
330388
330241
330064
329642
329326
329134
328973
328734
328708
328614
328502
327747
327652
326780
326743
326496
325674
325025
324813
324609
324462
324446
324285
324003
323949
323807
323471
323351
323125
323094
322691
321935
321859
321804
321188
321047
320993
320941
320589
320332
320287
320271
320244
319878
319808
319651
318879
318796
318368
318338
318209
318167
317495
317377
317212
317169
317073
316931
316505
316197
316011
315373
314927
314250
314144
313621
313305
312939
312784
312696
312625
312401
312270
312131
311971
311656
311354
311206
311123
310889
310339
310257
310230
309947
309836
309823
309729
309583
308587
308139
308102
307965
307923
307890
307860
307585
307454
307311
306146
306061
305723
305513
305256
305109
304824
304723
304694
304491
304321
304039
303864
303602
303414
303285
302985
302867
302499
302413
301461
300816
300777
300620
300563
300496
300422
300279
300158
300082
299570
299200
299191
298201
297972
297737
297439
297382
297296
297058
296827
296646
296333
296192
295917
295803
295729
295627
295473
295282
294854
294785
294692
294684
294418
294019
293838
293567
293409
293393
293189
292997
292937
292821
292492
292104
291999
291868
291380
291139
291081
291036
290981
290661
290408
290325
289907
289639
289523
289499
289425
289377
289281
288962
288611
288462
288249
287626
287599
287561
287408
287214
286536
286202
285866
285777
285596
285514
284313
284053
283911
283660
283409
283384
283341
283329
283082
282780
282774
282647
282634
282539
282534
282309
281649
281454
281133
280905
280393
280130
280100
280086
280033
280023
279558
279471
279242
278935
278306
277466
277390
277222
276662
276382
275668
275276
274808
274717
274693
274630
273908
273856
273427
272808
272655
272170
272030
271883
271723
271684
271617
271240
271082
270534
270532
270456
270141
269822
269416
269384
269300
269008
268950
268756
268079
267610
266343
265690
265589
264975
264880
264296
263485
263189
263040
263024
262998
262750
262680
262440
261923
261547
261437
261059
260745
260635
260514
260319
260251
259618
258891
258671
258567
258407
258199
258004
257850
257650
257554
257496
257200
256913
256855
256792
256055
256025
255621
255437
255427
255287
255144
254301
254260
254167
253737
253645
253638
253508
253015
252768
252738
252387
251909
251908
251711
251352
251232
250869
250764
250400
250192
250104
249756
248913
248858
248847
248843
248775
248243
247898
247691
247562
247365
247280
246833
246729
246673
246327
246251
246221
245843
245760
245724
245170
245004
244775
244735
244680
244597
244578
244549
244353
244182
243986
243860
243562
243448
243127
242977
242639
242230
242074
241729
241372
241074
241045
240426
240347
239996
239955
239607
239423
239323
239300
238459
238375
238071
238044
237961
237538
237505
237053
236226
236091
235963
235806
235754
235700
235654
235481
234940
234678
234652
234645
234524
234367
234157
233743
233029
232782
232771
232735
232710
232267
231271
230711
230619
230153
230063
229638
229604
229553
229543
229532
229480
229065
229034
228407
228357
227658
227482
227442
227253
226879
226817
226567
226328
226262
225741
225714
225188
224090
223940
223935
223790
223637
223273
223027
222993
222798
222490
222475
222344
222307
222143
222070
222047
221393
221384
220932
220835
220740
220544
220006
219252
219158
218957
218881
218087
218070
217309
216855
216814
216407
216322
215730
215479
215259
215243
215241
215196
215193
215157
214774
214744
213417
213183
213140
213038
212863
212669
212478
212454
212183
212017
211847
209281
209246
209140
209043
208974
208707
208540
207967
207386
206836
206826
206576
206262
206211
205759
205582
205455
205206
204906
204149
203594
203489
203117
203072
202613
202533
202425
202189
201983
201542
201465
201303
201291
200057
199737
199618
199513
199439
199188
198872
198848
198697
198547
198327
198311
198309
198028
197873
197807
197683
197529
197452
197193
197099
197066
196417
196256
196160
195920
195805
195728
194997
194053
194031
193729
193534
193329
193194
192979
192667
192437
192262
191470
191405
190715
190701
190588
190454
190240
189997
189884
189620
189239
188613
188574
187915
187861
187134
186968
186647
186217
186031
185946
185665
184791
184510
184508
184453
183156
183049
182821
182761
182720
182490
182445
182101
181889
181496
181462
181433
181364
181237
180196
180156
178508
178402
177679
176716
176411
176400
176256
176057
175616
175478
175454
175208
174747
174340
173822
173174
173121
172874
172859
172752
172650
171597
171396
171317
171073
170846
170810
170694
170573
170518
170300
170033
170029
169990
169648
169517
169374
169357
169272
169128
169092
168983
168920
168908
168770
168730
168669
167763
167726
167471
167184
167029
166963
166557
166496
166300
165809
165785
165600
165515
165473
165288
164243
163960
163938
163839
163771
163503
163456
163082
163019
162683
162318
161926
161647
161518
161454
161276
160924
160906
160718
160625
160617
160439
160405
160126
159820
159688
159456
158958
158845
158443
158329
157981
157779
157550
157536
157519
157095
156681
156638
156350
156282
156160
156130
155969
155812
155685
155566
155522
155382
155279
155206
155194
154940
154486
154280
154152
154150
154061
153972
153348
152611
151934
151910
151600
151470
151154
150987
150853
150599
150410
150373
150054
149647
148485
148310
148095
147591
147413
147279
147231
146912
146686
146641
146450
145922
145703
145649
145235
145047
144599
144552
144232
143718
143549
143490
143429
143345
143038
142723
142599
142123
142097
141980
141893
141886
141880
141638
141181
140898
140716
140348
140300
139939
138689
138578
138527
138180
138139
138114
137548
137373
137366
137195
136526
136473
136394
135928
135795
135604
135568
135507
134563
134339
134298
133448
133436
133396
133334
133038
133029
132975
132878
132534
132437
132023
131805
131442
131384
130680
130556
130537
130479
130127
129658
129326
128989
128447
128429
128378
128331
128133
127792
127744
127506
127496
127426
127270
126578
126329
126082
125717
125605
125095
125075
125034
124521
124338
123889
123779
123509
123301
123279
122691
122573
122568
122496
122403
122381
122354
121901
121837
121795
121622
121459
121332
121311
120961
120840
120726
120447
120080
120061
119948
119806
119633
119464
119377
118845
118363
118324
118204
118106
118038
117963
117332
116552
116250
115857
115761
115515
115491
114946
114598
114177
113855
113669
112736
112659
112455
112042
111522
111209
111009
110473
109463
109411
107984
107864
107849
107601
107343
107334
107060
106706
106516
106419
106241
105989
105968
105283
105155
104883
104678
104502
104089
104085
103898
103851
103698
103660
103571
103537
103246
103110
102775
102691
102604
102475
101505
101325
100890
100839
100808
100641
100195
100163
99812
99690
99575
99436
98979
98895
98590
97771
97311
97120
96409
96270
96191
94657
94498
94035
93581
93118
92809
92683
92653
92201
91853
91615
91562
91511
91411
91068
91013
90932
88866
88417
88190
88154
88048
88015
87591
86821
86410
86380
86229
85840
85695
85445
85266
85260
85229
85025
84705
84560
84395
84123
84050
83506
83026
82775
82758
82725
81991
81920
81259
80532
80460
80341
80224
79704
79532
79416
78587
78460
77944
77778
77685
77360
77183
77007
76584
76463
76449
76358
76106
75920
75852
75816
75323
75245
75141
74674
73796
72580
72480
71949
71918
71719
71516
71383
71254
71186
71146
70967
70291
70209
69506
68730
68143
67884
67639
67596
67415
67011
66410
66112
65972
65748
65689
64933
64286
63568
63139
62976
62754
62611
62391
62194
61683
61628
61609
61302
61274
60276
60202
60188
60187
59978
59622
59173
59023
58748
58200
58026
58003
57749
56742
56673
56659
56561
56133
55999
55942
55685
55682
55537
55472
55202
55000
54802
54653
53482
52889
52366
52017
51990
51657
51507
51506
51386
51368
50821
50486
50428
50385
50065
49989
49578
49164
49039
48929
48768
48755
48379
48343
47747
47498
47154
46676
46456
46291
46034
45920
45883
45767
45618
45615
45535
45449
45222
44954
44566
44098
44034
43942
43741
43613
43193
42066
41930
41699
41296
40523
40348
40191
40133
39788
39208
39150
39103
38989
38755
38715
38539
38498
38437
38210
37764
37642
37614
37039
36972
36893
36870
36776
36742
36629
36584
36551
36285
36141
35795
35443
35410
35289
35005
34341
33985
33970
33787
33720
33478
33074
32978
32584
32477
32293
32140
32057
31915
31821
31683
31597
31125
31061
30320
30176
30161
29911
29110
28928
28889
28652
28645
28593
28177
28066
27574
27546
27364
27359
27194
26732
25827
25803
25733
25719
25570
25208
25134
24957
24879
24839
24672
24371
24184
23885
23587
23527
23489
23079
23066
22876
22675
22595
22584
22558
22536
22260
22089
21941
21932
21125
20608
20010
19849
19592
19494
18977
18968
18749
18661
18528
18263
18188
18091
18029
17823
17753
17664
17637
17591
16699
16609
16199
16180
15686
15488
14785
14650
14518
14391
14228
14005
13571
13329
12681
12660
12202
11590
11477
11184
11110
10890
10708
10277
10105
9749
9731
9555
8901
8846
8841
8722
8588
8567
8508
8319
8134
7831
7638
7554
7139
6789
6559
6293
6220
5920
5748
5722
5722
5655
5445
5351
5292
5138
5024
4793
4735
4297
4085
4021
3612
3120
2697
2652
2244
1855
1706
1199
1018
778
749
686
546
52