119
336
621
724
806
1127
1310
1380
1468
1494
1524
1570
1602
1825
1829
1830
1888
1929
2028
2078
2112
2632
2640
2715
2741
2879
3038
3075
3083
3104
3305
3411
3536
3578
3635
4211
4246
4476
4615
4619
5039
5148
5185
5189
5210
5359
5407
5838
5847
5890
6052
6220
6233
6390
6573
6674
6925
6995
7000
7035
7068
7319
7660
7705
8002
8235
8271
8434
8437
8526
8638
8811
8820
8823
8831
8945
8949
8999
9003
9199
9417
9642
9848
9925
10037
10045
10455
10470
10475
10588
10625
10877
10910
10954
11009
11025
11028
11103
11161
11371
11457
11556
11779
11859
12172
12359
12523
12538
12767
13020
13054
13152
13308
13319
13826
14059
14136
14162
14168
14345
14420
14586
14608
14644
14768
14911
14922
15015
15109
15169
15997
16188
16365
16807
16994
17148
17154
17159
17300
17478
17570
17612
17738
17766
17850
17893
17922
18539
18738
18765
18884
19036
19778
19820
19826
19921
20026
20036
20158
20425
20516
20562
20720
20720
20944
21059
21281
21404
21419
21566
21839
22011
22097
22209
22619
22629
22755
22963
23082
23229
23527
23636
23822
23873
24107
24225
24526
24589
24753
24825
25002
25025
25160
25295
25438
25462
25695
26097
26249
26339
26682
26803
26890
27093
27120
27427
27595
27759
27909
28161
28197
28271
28490
28532
28611
29188
29197
29208
29320
29375
30098
30324
30329
30413
30562
30563
30653
30779
30859
31077
31152
31176
31196
31341
31366
31433
31454
31542
31601
31729
31819
31939
32684
32855
32959
32988
33028
33182
33335
33484
33511
33705
33787
34113
34216
34376
34461
34682
34973
35109
35473
35779
35803
35937
36055
36066
36177
36201
36340
36360
36539
36554
36595
36599
36765
36845
36903
37011
37249
37398
37706
38114
38140
38271
38289
38339
38354
38386
38392
38397
38537
38577
38603
38709
38741
38854
38909
39166
39252
39739
39777
39785
39935
40048
40106
40132
40148
40268
40320
40338
40400
40419
40581
41031
41070
41222
41241
41286
41369
41580
41855
41915
41920
41960
41974
42049
42188
42207
42240
42451
42483
42536
42658
42788
43055
43429
43487
43504
43525
43717
43860
44044
44085
44257
44328
44413
44429
44567
44610
44661
44888
45152
45158
45200
45289
45324
45513
45639
45756
46258
46384
46398
46414
46446
46480
46580
46769
46797
46814
46859
46914
46949
47173
47234
47346
47448
47571
47772
47852
48016
48082
48549
48563
48641
48818
48835
49033
49088
49127
49324
49498
49582
49646
49684
49687
49777
49855
50017
50279
50293
50383
50433
50575
50903
50913
50986
51323
51444
51519
51607
51767
51947
51955
52035
52155
52455
52461
52523
52742
52804
53124
53187
53294
53355
53424
53438
53531
53644
53912
53952
54007
54466
54524
54901
55084
55243
55620
55740
55792
55819
55882
55935
56009
56130
56281
56299
56367
56571
56592
56650
56691
56824
56828
56880
56960
56960
56995
57103
57179
57440
57498
57685
57687
57696
57710
57736
57892
57930
57943
58029
58052
58392
58668
58819
58946
59003
59041
59072
59329
59368
59532
59558
59711
59729
60062
60165
60207
60597
60669
61007
61441
61455
61492
61865
61923
61949
62099
62437
62454
62497
62521
62594
62687
62720
62942
63057
63465
63491
63503
63692
63874
63913
64084
64335
64335
64467
64565
64581
64593
64595
64656
64768
64927
64928
65159
65182
65189
65232
65296
65313
65366
65507
65675
65751
65917
65944
66018
66146
66257
66706
66719
66829
66851
67129
67299
67393
67779
67855
67860
67915
68353
68415
68475
68550
68632
68801
68864
68898
68968
69046
69079
69265
69344
70081
70146
70150
70238
70496
70579
70948
71052
71193
71200
71448
71686
72075
72132
72536
72729
72777
72805
73052
73211
73386
73398
73446
73463
73824
73832
73954
74093
74294
74330
74344
74409
74458
74907
74914
74927
74967
75049
75102
75398
75956
76020
76043
76269
76408
76698
76976
77035
77095
77112
77307
77314
77915
77917
78101
78317
78331
78383
78791
79148
79209
79252
79265
79331
79418
79462
79477
79580
79605
79853
79909
80001
80131
80304
80368
80440
80609
80627
80649
80669
80761
80873
80951
81052
81303
81346
81582
81719
81792
81873
81913
82076
82153
82204
82505
82603
82860
83170
83177
83335
83492
83708
83833
83865
83888
84133
84142
84361
84373
84531
84570
84788
84834
84966
85190
85290
85295
85352
85479
85483
85736
85952
85979
86143
86358
86378
86675
86744
86871
86956
87095
87114
87224
87574
87686
87692
87862
87923
88100
88188
88474
88877
89007
89058
89408
89442
89541
89564
89616
90030
90046
90224
90429
90710
90868
90871
91077
91712
91955
91982
92103
92237
92278
92822
92949
92971
92994
93237
93360
93521
93575
93848
93935
93957
94028
94030
94305
94362
94399
94597
94660
95287
95314
95711
95894
95954
96374
96405
96932
96983
97154
97325
97511
97669
97698
97713
97879
97956
98059
98095
98149
98355
98387
98704
98863
98990
99059
99394
99452
99481
99483
99524
99547
99804
100126
100425
100603
100618
100658
100713
100742
100954
101106
101261
101336
101660
101664
101674
101756
101769
101954
102053
102082
102129
102310
102538
102760
102770
102792
102860
102948
102966
103085
103132
103253
103372
103537
103567
104110
104128
104452
104473
104538
104629
104790
105002
105022
105186
105404
105482
105991
106351
106429
106617
106641
106799
106842
107170
107712
107765
107766
107777
107783
107827
108076
108110
108148
108487
108578
108717
108816
108988
109076
109138
109139
109148
109356
109719
109737
109866
109995
110016
110140
110420
110504
110810
110871
111091
111111
111343
111572
111611
111613
111813
112120
112277
112354
112530
112549
112556
112666
112717
112904
112911
113045
113172
113275
113465
113542
113609
113654
113678
113704
113803
113987
114134
114187
114260
114420
114440
114630
114699
114756
114838
114843
115156
115567
115662
115677
115681
115760
115886
116239
116364
116385
116838
116864
117147
117183
117345
117748
117981
118040
118128
118332
118334
118461
118677
118783
118860
118862
118874
118936
119147
119158
119168
119200
119317
119428
119526
119660
119663
119796
119844
119893
119933
119959
120007
120217
120272
120273
120312
120381
120479
120520
120596
120601
120693
120716
120884
120975
121343
121453
121533
121571
121606
121628
121682
122026
122748
122808
122950
122997
123057
123065
123090
123246
123586
123587
123621
123710
123856
124068
124326
124377
124389
124431
124448
124569
124824
125199
125205
125416
125420
125557
125639
125785
125789
126032
126188
126205
126245
126340
126431
126501
126642
126738
126848
126960
127103
127107
127120
127360
127368
127567
127594
127614
127802
127870
127898
127947
128131
128189
128284
128299
128415
128489
128510
128514
128611
128713
128856
128978
129140
129454
129775
129788
129907
129917
130067
130274
130401
130413
130676
130998
131511
131522
131885
132467
132657
132808
133520
133530
133713
134066
134126
134132
134299
134332
134364
134448
134528
134529
134653
134783
134918
135341
135346
135673
135929
136049
136120
136278
136645
136664
136909
136947
136990
136991
137483
137719
137788
138072
138086
138108
138130
138477
138503
138746
138747
138797
138895
138904
139104
139312
139347
139399
139418
139536
139580
139631
139786
139823
139833
139927
140077
140100
140391
140839
140922
141048
141088
141246
141260
141483
141536
141896
141942
141982
141989
142119
142204
142207
142272
142486
142495
142501
142844
142927
143159
143779
143786
143797
143952
144082
144119
144178
144222
144290
144380
144560
144605
144621
144764
144779
144940
145349
145364
145422
145493
145601
145989
146064
146085
146102
146328
146386
146387
146400
146455
146597
146763
146778
146865
147053
147455
147493
147510
147614
147633
147658
147833
147943
148063
148086
148242
148244
148352
148427
148516
148531
148583
148652
148825
148948
148957
149202
149380
149826
149942
149943
150087
150206
150414
150584
150802
151015
151060
151064
151068
151111
151478
151570
151655
151853
152053
152071
152086
152224
152275
152492
152625
152677
153183
153279
153296
153358
153425
153568
153683
153714
153829
153863
154091
154140
154146
154154
154168
154384
154430
154530
154643
154719
154818
154848
154870
155005
155135
155393
155468
155662
156031
156097
156445
156650
156721
156850
156915
156980
157001
157263
157313
157529
157577
157655
157727
157754
157763
157969
158065
158331
158408
158638
158881
159132
159281
159317
159388
159410
159468
159590
159664
159723
159783
159986
160083
160285
160373
160666
160764
160771
160786
160890
160898
160957
161251
161465
161483
161641
161682
161710
161778
161834
161837
162351
162418
162435
162680
162721
162759
162937
162965
163134
163202
163428
163478
163546
163649
163687
163903
164148
164212
164326
164346
164442
164568
164713
164762
164908
165032
165562
165642
165681
165756
165936
165957
166150
166227
166356
166381
166538
167186
167189
167276
167392
167449
167625
167636
167945
168078
168338
168367
168456
168531
168828
168931
168939
168949
169190
169426
169505
169841
169956
169964
170225
170293
170419
170448
170479
170498
170527
170528
170728
170781
170931
171076
171109
171185
171195
171451
171764
171888
171983
172329
172439
172663
172695
172811
172839
172848
172959
173032
173149
173243
173280
173412
173498
173535
173647
173662
173713
173869
174044
174292
174331
174349
174394
174438
174466
174808
174816
175095
175118
175281
175526
175812
175931
176027
176057
176538
176581
176676
176715
176723
177056
177112
177114
177150
177217
177304
177524
177529
177566
178279
178363
178492
178686
179208
179305
179426
179460
179674
179795
179918
179946
180304
180353
180397
180530
180815
180962
181163
181303
181361
181397
181688
181772
181960
182081
182128
182427
182721
182807
183020
183055
183061
183099
183103
183419
183642
183672
183792
183901
183973
184033
184122
184144
184321
184325
184340
184564
184594
184778
184786
184817
184951
185297
185399
185426
185430
185716
185950
186298
186369
186408
186421
186481
186592
186889
186922
186979
187012
187120
187189
187238
187353
187366
187579
187828
187844
187861
187869
188100
188115
188183
188240
188836
188844
188888
189060
189153
189276
189336
189381
189570
189594
189666
189685
189814
190098
190337
190346
190361
190514
190742
190761
190792
190798
191211
191443
191562
191723
191752
191777
191846
192024
192028
192088
192315
192436
192732
192747
192860
192918
192977
193022
193156
193253
193431
193681
193968
194008
194085
194393
194441
194505
194874
194969
195035
195079
195352
195423
195489
195511
195740
195765
196128
196305
196482
196677
196717
196725
196927
196959
196971
197129
197223
197279
197290
197334
197350
197573
197689
197714
197717
197975
198046
198085
198198
198235
198285
198926
199051
199186
199372
199429
199728
199736
199761
199784
199803
199830
200141
200373
200482
200536
200769
200787
200927
201015
201026
201088
201103
201201
201397
201406
201692
201849
201995
202207
202319
202377
202625
202686
202708
202774
202774
202847
203050
203087
203095
203122
203143
203211
203215
203428
203441
203749
203786
204014
204026
204032
204299
204552
204650
205011
205084
205246
205279
205597
205640
205917
205941
206290
206367
206717
206780
206875
206898
206949
206991
207041
207526
207717
207739
207804
208098
208166
208173
208173
208457
208461
208499
208738
208916
209094
209581
209763
209782
209966
210111
210505
210622
210702
210760
211144
211611
211620
211746
211771
211849
211921
212505
212663
212928
212990
213122
213625
213765
213777
214043
214080
214194
214311
214503
214588
214657
214719
214747
214803
214828
214885
214886
215194
215550
215635
215884
215897
215962
216168
216387
216737
216783
217071
217273
217275
217282
217355
217418
217504
217573
217686
217831
217902
217988
218027
218141
218166
218457
218461
218516
218579
218613
218661
218697
218717
218720
218867
219027
219199
219409
219454
219479
219646
219800
219830
219835
219926
220106
220371
220411
220651
220684
220955
220977
221051
221087
221160
221234
221342
221492
221685
221767
222097
222163
222183
222276
222714
223053
223215
223330
223337
223357
223597
223743
223892
223955
224117
224118
224144
224167
224334
224387
224480
224490
224603
224838
225030
225045
225115
225162
225173
225191
225263
225712
225736
225778
225978
226094
226099
226345
226485
226493
226562
226713
226972
226998
227268
227291
227322
227367
227395
227618
227830
228026
228316
228322
228537
228660
228739
228804
229236
229295
229439
229626
229650
229710
229785
229829
229838
229883
229903
229939
229997
230318
230376
230387
230435
230477
230582
230596
230617
230849
230873
231187
231262
231632
231660
231751
231813
231870
232039
232739
232760
232767
232873
233342
233947
234379
234631
234728
234752
234755
234812
235023
235122
235520
235657
235711
235778
236103
236164
236354
236362
236619
236702
236726
236809
236880
236909
237023
237086
237111
237200
237301
237379
237504
237759
237853
237922
237972
238000
238109
238138
238199
238537
238760
238822
239019
239064
239153
239225
239360
239565
239618
239654
239729
239925
240175
240325
240363
240368
240391
240406
240427
240648
240833
241175
241250
241288
241459
241598
241652
241695
241700
241859
241953
241989
242131
242149
242197
242607
242615
242849
242884
243101
243146
243312
243393
243467
243727
243728
243896
243914
243980
244204
244207
244439
244481
244509
244601
244736
244795
244844
244879
244971
244995
245026
245075
245181
245201
245220
245259
245300
245596
245767
245781
245865
246007
246015
246037
246068
246155
246362
246472
246596
246610
246632
247269
247296
247884
247999
248015
248192
248339
248629
248665
248671
248809
248920
248970
249114
249419
249502
249618
249700
249903
249905
249955
249958
250171
250459
250558
250580
250600
250999
251263
251304
251319
251368
251535
251626
251677
251787
251794
251900
251928
252095
252378
252409
252474
252542
252553
252733
252820
252957
253052
253067
253157
253160
253279
253468
253791
253798
253862
253886
253932
254217
254240
254341
254526
254584
254623
254652
254672
254873
254966
254977
255056
255245
255512
255799
255842
255927
256162
256196
256273
256376
256421
256437
256490
256521
256522
256816
257063
258272
258345
258364
258388
258489
258788
258833
258856
259006
259165
259276
259363
259536
259741
259837
259943
260236
260246
260324
260325
260342
260479
260528
260529
260568
260681
260867
260996
261479
261622
261940
261977
262127
262154
262256
262373
262592
262604
262945
263255
263274
263297
263305
263414
263435
263439
263577
263661
263668
263934
263981
264001
264499
264658
264712
264716
264760
264847
264891
264914
264937
265026
265248
265269
265297
265366
265405
265513
265528
265544
265561
265570
265711
265829
265878
265932
265941
265979
266043
266061
266229
266238
266573
266714
266793
266830
266937
266948
266992
267196
267271
267381
267394
267627
267745
268000
268132
268380
268416
268511
268533
268594
268627
268823
268928
268982
268992
269033
269157
269172
269436
269481
269746
269982
269983
270060
270437
270800
270903
270927
271108
271204
271564
271788
271828
271920
272067
272087
272115
272148
272236
272286
272405
272682
272824
273060
273085
273132
273133
273265
273335
273342
273359
273383
273473
273916
274165
274362
274380
274434
274458
274792
274885
275097
275184
275188
275379
275507
275669
275774
276021
276423
276450
276533
276546
276664
276732
276768
276856
277060
277068
277142
277183
277201
277218
277267
277414
277431
277584
277592
277708
277799
277830
277866
278042
278087
278203
278305
278311
278557
278591
278636
278637
278710
278753
278857
278914
279014
279035
279089
279091
279154
279224
279271
279582
279771
280008
280067
280403
280608
280646
280841
280871
281314
281496
281691
281851
281938
282039
282059
282255
282550
282812
282858
282860
283026
283126
283486
283766
284006
284155
284193
284203
284241
284443
284501
284516
284758
284805
284917
284917
285347
285480
285492
285551
285680
285831
285910
285952
286091
286118
286304
286407
286834
286979
286981
286994
287052
287298
287440
287640
287651
287702
287727
287904
288140
288305
288536
288764
288907
289368
289477
289497
289620
289709
289773
289880
289943
290224
290235
290515
290516
290586
290812
291013
291128
291340
291759
291853
291966
292369
292531
292885
292984
293142
293590
293760
293800
294011
294362
294840
294877
294883
295035
295136
295167
295433
295503
295656
295786
296248
296426
296481
296602
296668
296775
296841
296872
296897
297288
297360
297550
297662
298070
298101
298128
298183
298242
298324
298500
298565
298616
298757
298762
298783
299566
299664
299848
299913
300199
300656
300733
300983
301054
301072
301280
301317
301388
301469
301586
302041
302135
302164
302170
302305
302450
302598
302662
302823
302979
302989
303169
303210
303259
303299
303331
303427
303457
303507
303583
303604
303633
303935
303990
303994
303996
304098
304315
304450
304682
305276
305393
305461
305521
305648
305743
305856
305941
306005
306165
306357
306593
306691
306783
306787
306905
307036
307292
307532
307629
307678
307858
308107
308118
308180
308480
308601
308754
308765
308774
308819
308836
308849
308864
309000
309123
309197
309425
309466
309487
309668
309907
309912
309987
309990
310113
310275
310279
310300
310351
310373
310551
310561
310593
310705
310770
310988
311134
311185
311192
311201
311208
311293
311311
311403
311404
311640
311821
311833
312001
312008
312284
312384
312798
312825
312844
312850
312971
313259
313370
313415
313433
313446
313483
313535
313551
313563
313637
313649
313720
313799
313838
313875
314385
314706
314781
315027
315100
315344
315697
315773
315853
316112
316457
316538
316580
316723
316823
316876
316918
316936
316938
316989
317075
317163
317226
317262
317455
317626
317890
317965
318147
318523
318570
318573
318573
318592
318824
318899
318937
319057
319113
319117
319168
319210
319338
319520
319541
319797
319871
320042
320111
320141
320203
320251
320274
320317
320339
320399
320501
320627
320739
320841
321113
321200
321253
321307
321361
321373
321655
321697
322105
322512
322651
322828
322867
323120
323177
323188
323372
323681
323856
323880
323939
324107
324203
324336
324418
324480
325066
325097
325281
325288
325420
325535
325537
325669
325800
325803
326080
326203
326213
326220
326274
326542
326548
326906
327007
327016
327235
327285
327314
328002
328063
328281
329055
329156
329183
329237
329553
329797
329827
329831
329838
330071
330288
330402
330674
330777
330836
331302
331349
331381
331399
331574
331594
331882
331923
331981
332018
332502
332521
332624
332832
333011
333096
333460
333790
333929
333938
334145
334658
334780
334991
335074
335336
335358
335696
335932
335974
336035
336083
336104
336113
336304
336332
336687
336710
336814
336873
336989
337028
337061
337158
337521
337589
337598
337741
337886
338226
338504
338662
338696
338698
338770
338804
338999
339040
339226
339340
339414
339451
339459
339595
339652
339797
339816
339836
339891
339971
339980
340039
340274
340451
340473
340674
340975
341052
341191
341237
341437
341518
341561
341585
341605
341676
341813
342052
342253
342295
342441
342639
342853
342954
343008
343113
343138
343235
343236
343271
343424
343461
343591
343631
343848
343854
343911
343919
344273
344353
344485
344491
344580
344584
344594
344612
344783
344858
345113
345129
345158
345284
345309
345310
345319
345544
345644
345705
345782
345843
345901
346158
346173
346694
346714
346889
346895
346908
347243
347380
347426
347679
347734
347760
347912
348138
348361
348368
348410
348518
348578
348678
349165
349259
349362
349690
349946
350176
350298
350690
350715
350795
350953
351136
351444
351625
351706
351863
351928
352085
352286
352376
352385
352896
353386
353942
353999
354018
354119
354145
354572
355159
356070
356324
356383
356399
356591
356600
356703
356855
356874
356895
356942
357067
357184
357198
357236
357259
357265
357322
357462
357486
357609
357675
357780
357816
357936
358034
358135
358277
358298
358400
358532
358535
358591
358621
358667
358806
358977
359002
359011
359040
359108
359240
359345
359601
359621
359654
359778
359780
359815
360050
360051
360709
360756
361138
361155
361190
361280
361446
361471
361524
361639
361654
361681
361708
361839
361981
362041
362253
362299
362415
362424
362449
362600
362787
362921
362939
363061
363105
363197
363261
363351
363414
363477
363572
363703
363727
363802
364098
364572
364620
364791
364794
365008
365069
365243
365425
365463
365472
365578
365868
365923
366092
366461
366529
366556
366653
366726
366740
367009
367071
367088
367578
367737
367897
367899
367931
368001
368097
368146
368310
368380
368557
368645
368683
368748
368793
368857
369005
369038
369437
369527
369528
369674
369878
370002
370177
370373
370388
370719
371294
371330
371508
371560
371724
372002
372078
372109
372167
372217
372346
372455
372844
373041
373075
373517
373706
373920
374103
374328
374434
374531
375008
375105
375394
375488
375736
375792
375811
376082
376164
376240
376493
376569
376608
376682
376787
376796
377254
377288
377398
377635
377814
377928
378037
378072
378151
378290
378545
378667
378695
378741
378930
378997
379191
379421
379431
379471
379738
379877
379915
380114
380127
380195
380230
380283
380300
380307
380370
380473
380487
380784
380870
380933
380968
380991
381133
381331
381350
381368
381473
381717
381841
381841
381989
382008
382256
382554
382624
382959
383083
383105
383387
383616
383874
384122
384154
384411
384582
384692
384987
385200
385346
385624
385898
386068
386086
386186
386254
386301
386314
386322
386410
386866
387044
387228
387239
387263
387313
387355
387386
387490
387591
387604
387944
388045
388456
388619
388743
388905
388951
389160
389311
389448
389523
389526
389723
389881
389917
389921
389981
390183
390389
390453
390636
390680
390690
390841
390856
390924
391127
391182
391348
391407
391450
391916
391933
392163
392506
392644
392667
393221
393278
393426
393560
393819
393935
393968
394046
394108
394314
394453
394483
394596
395069
395116
395134
395321
395611
395684
395910
395963
396126
396179
396296
396654
396679
396733
396859
396930
397059
397062
397074
397102
397205
397219
397455
397461
397694
397938
398034
398108
398122
398123
398331
398451
398593
398603
398622
398908
398931
399140
399364
399366
399735
399876
399936
399985
400042
400066
400259
400286
400352
400454
400473
400499
400524
400997
401084
401115
401153
401354
401383
401559
401708
401745
401979
402091
402226
402233
402572
402589
402663
402765
402804
402946
403224
403402
403445
403446
403706
403806
403945
404051
404074
404075
404333
404614
404758
404838
404981
405081
405173
405199
405208
405296
405360
405435
405757
405768
405980
406000
406010
406200
406226
406233
406399
406465
406631
406655
406890
407510
407680
407895
408093
408095
408305
408341
408378
408407
408408
408411
408486
408547
408682
408920
408923
409179
409208
409260
409366
409393
409402
409564
409796
409979
410196
410233
410237
410626
410819
410883
411122
411252
411412
411610
411613
411709
411990
412028
412102
412297
412516
412752
412881
412909
413124
413175
413192
413657
413711
414049
414168
414257
414365
414411
414483
414513
414556
414718
414836
415175
415298
415326
415587
415592
415598
415704
415747
415851
416073
416286
416355
416734
416875
417371
417492
417600
417644
418019
418098
418296
418334
418368
418373
418806
418983
419408
419431
419487
419509
419831
419875
419879
419906
419955
420126
420264
420507
420591
420788
420921
420981
420992
421142
421166
421234
421378
421539
421553
421634
421861
421978
422201
422327
422362
422651
422772
422780
422856
422916
423069
423257
423487
423634
423661
423770
423788
423988
424189
424201
424909
425198
425715
425760
425876
425909
426005
426261
426303
426505
426618
426984
427271
427356
427531
427562
427910
427950
428015
428033
428124
428130
428333
428360
428367
428414
428628
428683
428809
428900
429014
429096
429373
429453
429499
429776
429792
429928
430052
430153
430249
430619
430643
431069
431121
431730
431842
431860
431886
432244
432468
432742
432782
432809
432873
432948
433261
433284
433404
433452
433555
433777
433872
433901
433919
434021
434117
434235
434278
434332
434445
434484
434627
434689
434796
434969
435068
435083
435266
435344
435368
435400
435732
435834
435898
435995
436293
436330
436466
436548
436727
436853
436911
437094
437125
437149
437347
437679
437805
437807
437827
437901
437994
438013
438024
438606
438638
438791
439043
439050
439104
439234
439308
439325
439542
439685
439946
439949
440005
440454
440458
440672
440854
440933
440962
441103
441121
441183
441308
441386
441526
441545
441715
441854
441925
441934
442188
442651
442780
442802
442856
442860
442931
443117
443120
443214
443223
443271
443358
443370
443395
443445
443459
443522
443628
443729
443837
443869
443906
443933
443990
444007
444015
444112
444262
444363
444381
444822
444888
444947
445041
445107
445215
445333
445664
445669
445720
445780
445844
445956
445990
446073
446266
446368
447277
447546
447577
447773
447837
448034
448620
448882
448955
449037
449060
449572
449631
449664
449745
449832
450053
450147
450202
450295
450459
450539
450547
450627
450655
450750
450778
450948
450986
450987
451144
451242
451397
451427
451472
451612
451722
451978
451979
452127
452373
452528
452669
453054
453178
453565
453733
453836
454179
454475
454524
454622
454831
455341
455397
455832
455924
456119
456187
456215
456241
456342
456347
456361
456495
457037
457312
457408
457497
457812
458029
458201
458263
458277
458350
458764
458795
458825
459015
459367
459499
459555
459653
459693
459786
459985
460044
460222
460293
460492
460856
460882
460891
461051
461085
461180
461367
461659
461663
461665
461861
461888
462029
462035
462089
462150
462226
462405
462467
462478
462517
462716
462777
463220
463255
463271
463596
463601
463629
463668
463735
463752
463791
463903
463939
464031
464079
464490
464793
464813
464930
465026
465053
465379
465461
465755
466011
466072
466162
466427
466428
466812
466873
466910
466925
466937
466962
467218
467273
467287
467311
467388
467547
467580
467670
467719
468005
468013
468029
468036
468065
468079
468641
468692
468692
468747
468753
468860
469101
469276
469338
469409
469780
470142
470334
470576
470724
471029
471101
471122
471357
471386
471498
471505
471727
471967
472128
472147
472193
472537
472542
472552
472557
472643
472656
472680
472736
472794
472933
473066
473107
473483
473603
473758
473815
473926
474199
474209
474291
474388
474459
474489
474507
474716
474862
475015
475052
475367
475485
475566
475629
475725
475767
475827
475837
476193
476227
476238
476356
476428
476513
476639
476821
476848
476920
477164
477243
477439
477530
477612
477709
478056
478072
478098
478141
478181
478185
478194
478248
478345
478378
478393
478525
478644
478705
478945
479145
479232
479445
479493
479790
480116
480212
480287
480317
480405
480443
480520
480531
480555
480770
480931
480990
480991
481249
481445
481601
481602
481649
481682
481915
481929
481983
482175
482188
482208
482419
482640
482671
482861
482871
483024
483247
483290
483462
483694
483723
483821
484053
484105
484288
484344
484368
484399
484421
484565
484698
485793
485948
486163
486239
486248
486355
486395
486511
486522
486561
486837
486877
486929
487112
487126
487357
487593
487685
487740
487879
488015
488198
488219
488299
488332
488365
488397
488444
488908
489224
489291
489610
489632
489750
489851
489918
490039
490057
490192
490279
490304
490367
490502
490651
490663
490791
490846
491172
491237
491311
491524
491812
491823
491999
492549
492625
492633
493209
493384
493494
493602
493673
493745
493809
493832
493852
494060
494181
494202
494240
494359
494424
494452
494771
495199
495486
495508
495964
496027
496104
496201
496397
496407
496420
496465
496609
496726
497033
497099
497320
497567
497727
498226
498279
498586
498815
498837
498854
498860
498900
499019
499105
499240
499260
499376
499411
499456
499546
499853
499983
500036
500044
500485
500666
500721
501055
501129
501177
501412
501455
501531
501559
501571
501577
501608
501666
501677
501839
502255
502401
502419
502529
503021
503033
503108
503211
503261
503452
503523
503772
503778
503970
504002
504083
504229
504240
504281
504396
504525
504629
504818
504997
505244
505396
505546
505736
505739
505885
506144
506217
506312
506475
506478
506496
506535
506547
506670
506810
506974
507015
507016
507162
507188
507310
507384
507452
507686
507778
508070
508170
508237
508312
508695
508905
508950
509099
509116
509318
509423
509438
510090
510117
510172
510224
510336
510512
510623
510660
510747
510786
510794
511035
511198
511376
511509
511553
511562
511577
511769
511793
512010
512049
512135
512238
512345
512456
512502
512694
512699
512749
512869
513014
513149
513234
513320
513382
513935
514060
514184
514335
514349
514402
514447
514500
514558
514584
514665
514722
514839
514841
514855
514865
514987
515305
515490
515505
515703
515821
516733
516819
516847
516849
516876
516890
516952
516983
517100
517563
517627
517672
517937
518020
518511
518547
518703
518785
518943
519007
519029
519146
519504
519546
519593
519593
519602
519641
520215
520386
520587
520695
520769
521006
521097
521206
521250
521360
521393
521483
521577
521578
521668
521743
522039
522261
522268
522317
522320
522342
522590
522653
522779
522804
522868
523083
523185
523196
523244
523248
523706
523766
523961
524172
524305
524372
524383
524643
524749
524937
524952
525034
525331
525512
525536
525543
525581
525665
525974
525983
526017
526221
526267
526737
527011
527140
527249
527370
527530
527581
527648
527714
527753
527892
527898
528067
528162
528192
528198
528359
528443
528450
528464
528556
528657
528708
528785
529135
529353
529639
529663
529666
529824
529859
529885
529893
529993
529994
530204
530214
530249
530401
530721
530859
530871
531306
531423
531475
531869
531996
532082
532239
532343
532453
532575
532596
532833
532944
532945
533018
533082
533420
533527
533596
533614
533679
533694
533719
533783
533786
533852
534201
534384
534437
534946
535141
535197
535447
535519
536313
536479
536494
536544
536557
536629
537202
537753
537851
537952
538180
538183
538292
538465
538609
538755
538939
539049
539216
539254
539432
539447
539714
539795
539852
539855
540005
540353
540357
540411
540427
540498
540679
540884
540960
541048
541087
541113
541214
541306
541321
541402
541523
541568
541871
541925
542075
542200
542435
542562
542864
542942
542953
543001
543263
543749
543855
544175
544185
544309
544586
544668
544733
544889
544951
545246
545309
545323
545323
545364
545653
545765
545897
546102
546234
546255
546516
546565
546698
546727
546985
547114
547209
547364
547649
547756
547859
547866
548053
548101
548162
548619
548822
548986
549069
549265
549281
549330
549391
549439
549548
549577
549633
549945
549979
550386
550603
550763
550943
551043
551089
551296
551398
551432
551688
551695
551741
551824
551908
551979
552046
552169
552202
552344
552516
552784
552804
553078
553144
553162
553331
553629
554029
554079
554296
554574
554672
554695
554765
554768
554813
554987
555091
555506
555544
555652
555883
556089
556227
556246
556261
556333
556335
556503
556663
556684
556691
556773
556785
556965
557186
557288
557316
557365
557375
557438
558271
558286
558416
558509
559031
559142
559162
559338
559370
559630
559640
559906
560285
560359
560379
560466
560703
561069
561172
561268
561563
561577
561766
561925
562324
562441
562456
562646
562647
562681
562703
562733
563410
563435
563585
563744
563758
563981
564416
564443
564579
564662
564738
564821
565058
565116
565314
565918
565997
566099
566166
566266
566346
566364
566650
566682
566782
566923
567071
567088
567101
567396
567402
567463
567521
567541
567640
567888
567939
568009
568099
568439
568557
568566
568572
568746
568749
568844
569148
569206
569876
569983
570061
570065
570068
570096
570202
570281
570382
570397
570435
570485
570607
570675
570770
571239
571448
571644
571685
571774
571948
571970
572006
572433
572513
572933
572952
572985
573086
573192
573399
573519
573593
573712
573990
574044
574229
574268
574329
574366
574599
574720
574727
574747
574771
574900
574921
575094
575514
575617
575675
575706
575770
575838
575906
575929
575938
576103
576230
576416
576417
576469
576609
576780
576902
576942
577469
577473
577527
577692
577790
577829
577848
577939
577981
578258
578434
578551
578587
578698
578889
579007
579069
579078
579308
579391
579578
579631
579818
579840
579901
579929
580061
580216
580428
580573
580847
580998
581076
581228
581280
581372
581417
581426
581429
581482
581759
581788
581894
581929
582211
582308
582397
582534
582627
582627
582633
582654
582666
582774
582917
582970
582997
583158
583426
583430
583436
583483
583483
583556
583678
584177
584320
584447
585035
585166
585185
585429
585461
585546
585563
585855
585955
586209
586215
586340
586346
586754
586978
587175
587188
587203
587242
587274
587571
587654
587695
587821
588070
588148
588339
588421
588441
589008
589134
589317
589375
589476
589545
589667
589850
589892
589894
590009
590186
590193
590367
590589
590661
590667
590669
590766
591116
591366
591657
591985
591996
592063
592200
592247
592523
592770
592800
593134
593287
593576
593754
593765
593821
593852
593945
593970
594018
594113
594160
594193
594218
594294
594386
594469
594648
594788
594914
595017
595057
595763
595977
596029
596499
596565
596619
596656
596670
596873
596921
597131
597136
597203
597468
597497
597521
597554
597582
597751
597766
598128
598200
598221
598261
598417
598499
598569
599001
599095
599243
599282
599343
599766
599814
599906
600015
600054
600083
600175
600180
600543
600937
600948
601448
601749
601762
601923
602266
602750
602794
602832
603174
603270
603769
603908
603934
604020
604023
604074
604335
604418
604884
604897
604932
605161
605259
605421
605516
605549
605563
605629
605752
605960
606100
606114
606177
606271
606437
606483
606770
606805
606946
607035
607043
607272
607314
607404
607651
607883
608050
608052
608115
608157
608206
608419
608503
608567
608639
608681
608690
608722
608889
608964
609014
609018
609061
609078
609206
609477
609509
609534
609644
609975
610367
610395
610573
610665
610669
611028
611092
611243
611253
611332
611368
611372
611515
611718
611845
611872
612038
612089
612262
612448
612665
612883
612951
613161
613798
614565
614577
614580
614820
615302
615863
615955
616474
616621
616632
616913
616940
617016
617023
617068
617351
617525
617577
617791
617974
618085
618557
618823
618980
619349
619415
619615
619745
619915
620094
620425
620564
620621
620687
620705
620821
621005
621077
621188
621566
621730
621983
622158
622286
622338
622436
622458
622463
622651
622714
622736
622784
622857
623143
623313
623586
623587
623599
623649
623674
623693
623728
623919
623939
624033
624317
624442
624533
624538
624548
624622
624736
624951
625049
625131
625241
625280
625383
625440
625477
625553
625662
625758
625846
625919
625936
626062
626071
626087
626122
626446
626450
626477
626585
627147
627164
627225
627289
627664
627668
627784
627795
627804
628047
628144
628226
628807
628998
629102
629105
629113
629164
629211
629566
629630
629652
629792
630444
630562
630606
630612
630805
630894
630933
630954
630962
631357
631452
631495
631583
631728
631773
631904
631929
632047
632124
632188
632299
632322
632359
632424
632623
632669
632821
632934
633179
633244
633251
633304
633514
633640
633692
634248
634292
634313
634611
634959
635521
635815
635929
636036
636168
636321
636558
636559
636580
636590
636599
636649
637015
637044
637066
637336
637354
637380
637501
637579
637872
638073
638157
638218
638383
638459
638573
638646
638758
638842
639021
639041
639052
639092
639108
639154
639432
639450
639539
639747
640309
640419
640620
640701
640866
641164
641223
641224
641260
641463
641488
641611
641650
641751
641957
642255
642320
642426
642528
642638
642810
642898
642994
643307
643423
643902
644170
644249
644636
644785
644988
645043
645083
645252
645456
645458
645530
645719
645813
646104
646312
646482
646542
646589
646663
646676
646973
647089
647131
647252
647294
647338
647438
647441
647509
647633
647857
648392
648405
648417
648531
648533
648604
648952
649007
649026
649056
649069
649083
649305
649343
649656
649696
649763
649767
649799
649988
650268
650339
650970
650986
651230
651279
651826
652038
652103
652270
652397
652615
652623
652648
652765
652769
652846
652932
652945
653170
653351
653571
653659
653714
653821
653908
654217
654646
654685
654738
654898
654912
655072
655144
655238
655296
655404
655570
656039
656189
656212
656237
656260
656550
656676
656690
656723
656818
656913
656965
657064
657155
657391
657446
657483
657559
657828
657836
657888
657985
658013
658052
658122
658273
658508
658719
658948
659147
659422
659623
659962
659988
660307
660339
660348
661051
661149
661164
661208
661211
661357
661373
661569
661815
661819
661901
661928
662140
662169
662206
662251
662344
662347
662356
662444
662642
662642
662829
663165
663301
663327
663426
663514
663638
663719
664113
664139
664359
664662
664737
664741
664824
664856
664864
664892
665027
665061
665093
665095
665168
665280
665445
665493
665733
665920
666058
666078
666507
666543
666648
666987
667116
667170
667454
667515
667936
668133
668168
668191
668386
668456
668476
668481
668492
668573
668724
668733
668776
668888
669010
669047
669054
669326
669450
669698
669719
669783
669831
669903
670144
670156
670392
670636
670669
670676
670723
670835
670847
670848
670927
670987
671036
671131
671299
671448
671734
671923
672051
672106
672222
672346
672515
672622
672798
672824
672871
672983
673034
673073
673098
673353
673466
673540
673629
673802
673993
673999
674030
674043
674272
674323
674471
674731
674764
675072
675225
675462
675481
675501
675746
676034
676142
676144
676371
676618
677032
677137
677424
677450
677466
677663
677786
677797
677807
678321
678393
678457
678478
678663
679046
679057
679099
679134
679188
679247
679437
679476
679529
679635
679665
679688
679750
679791
679831
679942
680111
680180
680191
680344
680365
680587
680649
680661
680707
680769
680802
680843
680848
680881
680936
681063
681178
681195
681738
681927
682061
682068
682151
682670
682870
682955
683070
683094
683096
683135
683204
683325
683371
683663
683854
683913
683992
683995
684020
684085
684094
684193
684453
684654
685088
685198
685265
685274
685286
685328
685544
685549
685608
686803
687099
687587
687804
687903
688173
688188
688522
688717
688721
688811
688954
688962
688992
689000
689300
690026
690049
690185
690429
690665
690687
690729
690830
691031
691059
691174
691235
691375
691400
691433
691459
691531
691710
691766
691790
691806
691956
692010
692054
692247
692308
692341
692736
692998
693002
693016
693022
693026
693047
693089
693201
693368
693500
693538
693646
693702
693798
693942
694073
694091
694092
694249
694272
694577
694985
695620
695699
695786
695913
696150
696523
696663
696687
696716
696767
697121
697148
697219
697247
697466
697508
697791
697960
698009
698232
698309
698347
698510
698511
699372
699610
699821
699844
699995
700118
700491
700536
700567
700589
700595
700647
700723
700930
700959
701158
701218
701297
701312
701354
701357
701391
701428
701511
701693
701755
701875
701920
701951
701975
702129
702429
702588
702760
702902
702914
702935
703114
703224
703470
703710
703830
703837
703839
704094
704148
704172
704567
704910
705054
705145
705148
705183
705293
705303
705428
705429
705468
705500
705522
705634
705671
705701
705714
705878
706137
706199
706412
706540
706651
706740
706775
706825
707085
707141
707149
707225
707366
707370
707453
707504
707684
707781
707803
707892
707967
708198
708216
708229
708424
708479
708634
708698
708749
708775
708813
708939
709095
709377
709555
709595
710145
710252
710295
710629
710726
710829
710887
710924
710925
711065
711270
711599
711602
711674
711747
711775
711976
712111
712159
712397
712748
712878
713223
713235
713237
713517
713584
713659
713856
713974
714072
714077
714215
714349
714500
714784
714914
715035
715151
715169
715170
715285
715344
715361
715365
715426
715576
715659
715787
715841
715845
715916
715989
716175
716292
716585
716653
716672
716866
716910
716939
717168
717197
717223
717239
717281
717288
717672
718096
718176
718178
718447
718512
718516
718713
719227
719478
719517
719820
719930
719992
720132
720166
720357
720415
720506
720556
720600
720674
720879
721294
721317
721321
721382
721508
721739
721985
722023
722180
722450
722834
722902
723256
723423
723586
723680
723990
723992
724094
724095
724120
724166
724268
724346
724373
724612
724952
724980
725183
725207
725375
725553
725555
725804
725808
726280
726333
726416
726528
726726
727415
728008
728031
728038
728162
728169
728320
728597
728878
728995
729153
729236
729272
729534
729644
729696
729753
729793
729908
729988
730022
730180
730192
730710
730950
730996
731141
731176
731214
731341
731392
731898
731933
731976
732035
732089
732151
732249
732344
732347
732399
732445
732558
732630
732715
732725
732826
732942
733212
733343
733401
733426
733550
733611
733718
733751
733756
734131
734164
734385
734543
734634
734648
734677
735594
735637
735667
735680
735686
735900
735947
735956
736032
736282
736401
736472
736562
736585
736642
736719
737060
737098
737101
737194
737200
737455
737463
737507
737647
737717
737752
737900
738277
738421
738457
738824
739461
739514
739623
739694
739936
740114
740363
740436
740502
740733
740765
741171
741266
741319
741377
741542
741637
741906
741990
742126
742355
742586
742690
742700
742799
742839
742862
742895
743094
743351
743481
743582
743587
743826
743858
743974
744073
744281
744450
744702
744878
744963
745037
745238
745248
745435
745587
745636
745742
746009
746086
746316
746356
746378
746381
746493
746527
746709
746798
746853
746904
747020
747066
747212
747241
747356
747824
747949
748054
748436
748471
748690
748704
749183
749378
749518
749535
749590
749642
749678
749741
749746
749774
749784
750004
750012
750092
750504
750612
750830
750880
750886
750942
750965
751120
751360
751516
751738
751763
751894
751979
752231
752326
752398
752556
752717
752773
753007
753027
753203
753207
753254
753343
753396
753437
753437
753559
753568
753597
753690
753869
753947
754083
754196
754271
754482
754610
754702
754709
754773
754984
755006
755123
755142
755432
755611
755637
755919
755962
755991
756200
756217
756328
756484
756732
756807
756827
756883
757170
757247
757323
757450
757466
757589
757697
757727
757782
758021
758164
758183
758232
758297
758430
759112
759130
759496
759532
759688
759736
759902
759945
760004
760378
760409
760447
760474
760567
760593
760717
760797
760836
761090
761095
761121
761210
761327
761417
761489
761737
762168
762217
762331
762407
762412
762687
762728
762804
763070
763112
763635
763673
763742
763827
763966
764206
764210
764217
764218
764223
764275
764283
764307
764367
764443
764509
764584
764820
764845
764943
765002
765123
765197
765280
765731
765751
765765
765819
766265
766334
766436
766701
766777
766819
766821
767125
767141
767185
767416
767720
767736
767873
768125
768149
768531
768773
768836
769009
769046
769445
769643
769707
769854
770388
770413
770566
770895
770908
771207
771394
771465
771584
771587
771644
771671
772010
772052
772102
772203
772264
772447
772573
772579
772594
772615
772615
772869
773156
773173
773257
773441
773536
773544
773565
773628
773744
773763
773855
773865
773884
773902
773939
773976
773987
774344
774430
774624
774701
774737
774889
775113
775311
775488
775619
775793
775824
775931
775976
776109
776142
776189
776315
776343
776840
777110
777123
777478
777497
777623
777717
777795
777838
777901
778016
778533
778610
778611
778625
778700
779007
779059
779638
779672
779759
779761
779863
780184
780260
780342
780428
780642
780661
780705
780729
780772
780790
780799
781083
781138
781273
781426
782030
782041
782130
782197
782242
782473
782727
782772
782857
782991
783030
783041
783109
783248
783346
783594
783834
784114
784125
784136
784801
784869
785212
785320
785326
785512
785523
785775
785851
785874
785885
785948
786010
786063
786144
786479
786489
786586
786740
786822
786895
786944
786988
787026
787063
787132
787208
787242
787366
787414
787448
787539
787750
787833
787991
788023
788274
788298
788377
788418
788715
789031
789321
789348
789394
789411
789431
789457
789684
789686
789728
789922
789947
789972
790052
790181
790190
790204
790586
790662
790695
790809
790842
790965
791201
791855
791960
791983
792021
792559
792668
793195
793310
793343
793365
793417
793555
793657
793892
793923
794098
794151
794275
794321
794458
794552
794754
794785
794879
794899
794940
795029
795066
795285
795313
795465
795468
795497
795568
795569
795739
795760
795878
795976
796021
796132
796211
796233
796416
796513
796582
796646
796857
797121
797485
797755
798346
798354
798601
798755
798855
799200
799287
799319
799343
799364
799463
799483
799750
799761
799877
800093
800511
800701
800730
800780
800956
800980
801077
801256
801493
801499
801534
801856
801920
802065
802426
802428
802526
802536
802681
802838
803021
803290
803291
803314
803513
803642
803652
803676
803736
803874
803992
804007
804234
804337
804377
804577
804586
804732
804780
804899
805003
805013
805135
805202
805407
805461
805495
805969
806070
806302
806305
806382
806435
806471
806605
806738
806910
806911
806939
807129
807169
807181
807360
807444
807511
807591
807747
807995
808300
808354
808473
808563
808939
809002
809114
809146
809171
809583
809985
809994
810101
810349
810382
810389
810405
810407
810750
810810
811277
811544
811698
811823
812004
812027
812390
812510
812519
812574
812921
812946
813055
813074
813121
813314
813539
813544
813623
813685
813799
813865
813934
814075
814076
814115
814379
814382
814548
814703
814777
814800
815052
815122
815194
815895
815983
816021
816170
816393
816541
816580
816746
817101
817138
817176
817452
817717
817837
817874
817940
817942
818162
818219
818396
818476
818514
818567
818714
818876
818886
818909
818946
818976
819106
819107
819311
819326
819566
819644
820056
820262
820264
820313
820400
820492
820675
820692
820705
820845
821285
821311
821425
821697
821904
821973
822091
822112
822120
822274
822325
822480
822494
822765
822929
823021
823037
823041
823075
823096
823108
823258
823268
823434
823467
823541
823706
823756
823820
823984
824112
824114
824206
824284
824477
824581
824758
824758
824797
824901
824963
824964
824990
825086
825157
825198
825291
825457
825475
825519
825668
825727
825759
825915
826059
826147
826241
826464
826702
826927
827077
827109
827175
827371
827454
827490
827725
827898
827948
828053
828122
828251
828366
828375
828387
828463
829180
829309
829323
829360
829367
829642
829661
829824
830078
830079
830381
830504
830605
830793
830801
830958
831030
831396
831500
831598
831796
831841
831872
831908
831912
831938
832001
832487
832623
832693
832716
832746
832794
833064
833101
833214
833346
833361
833412
833483
833672
833819
833915
833973
834016
834082
834416
834513
834680
834701
834765
835008
835025
835141
835351
835413
835503
835718
835756
835760
836061
836090
836100
836500
836738
836847
837063
837138
837247
837535
837963
838161
838432
838716
838839
838973
839128
839353
839402
839566
839569
839781
840190
840246
840259
840429
840448
840763
840804
840841
840848
840892
841101
841249
841528
841701
841706
842256
842674
842734
843106
843214
843242
843384
843633
843731
843794
844067
844315
844387
844481
844488
844675
844695
844844
844923
845175
845205
845348
845667
845799
845818
845925
845937
845988
846005
846089
846283
846403
846490
846547
846666
846860
846903
846953
847200
847720
848108
848315
848321
849040
849136
849309
849455
849476
849476
849516
849701
849820
849932
849936
850006
850007
850070
850126
850485
850485
850694
850748
850823
850954
851095
851101
851122
851215
851436
851586
851650
851663
851785
852276
852369
852497
852503
852562
852860
852899
852990
853477
853518
853720
853818
853859
853915
853961
853985
854211
854281
854316
854421
854567
854716
854804
854976
855011
855072
855450
855547
855552
855586
855827
855957
856016
856076
856092
856098
856163
856362
856389
856413
856571
856650
856704
856706
856740
856791
856832
856895
857028
857053
857066
857160
857277
857285
857408
857429
857429
857520
857520
857569
857573
857599
857684
857699
857772
858237
858290
858512
858671
858909
859003
859018
859051
859105
859280
859653
859871
859873
859885
859986
860016
860043
860100
860373
860390
860431
860563
860661
860701
860746
860776
860845
860932
861145
861168
861441
861461
861624
861779
861912
861913
861988
862136
862230
862281
862447
862734
863261
863573
863583
863658
863703
863780
863960
864145
864186
864212
864218
864268
864649
864743
864815
864882
865014
865029
865114
865124
865446
865648
865931
865959
865970
866032
866189
866437
866710
866749
866778
866785
866794
866801
867165
867345
867477
867553
867916
868391
868532
868647
868743
868763
868858
868931
869026
869160
869688
869697
869813
869939
870108
870409
870571
870798
870880
871047
871278
871323
871336
871355
871763
871933
871980
872262
872324
872607
872686
872808
872814
873322
873761
874114
874264
874337
874361
874710
874722
874744
875041
875460
875527
875845
876191
876506
876629
876660
876969
877073
877177
877179
877223
877257
877346
877390
877414
877470
877523
877633
877843
877873
877965
878005
878308
878349
878352
878404
878551
878551
878552
878632
878728
878838
878968
878988
879054
879085
879130
879473
879680
879829
880083
880184
880770
881086
881193
881302
881440
881500
881693
881694
881771
881927
882093
882334
882367
882724
882729
882783
882828
882929
883366
883482
883489
883520
883783
883894
883914
883982
884046
884159
884357
884403
884437
884474
884519
884551
884630
884883
884947
885124
885430
885675
885685
885845
885873
885934
885945
886274
886451
886617
886622
886874
887025
887050
887060
887064
887156
887158
887215
887285
887401
887420
887442
887485
887555
887772
888021
888053
888359
888476
888863
889199
889235
889275
889360
889391
889421
889434
889823
890055
890293
890451
890506
890612
890698
890802
890835
890848
891063
891187
891197
891223
891379
891571
891926
892144
892180
892270
892357
892635
892686
892779
892927
893608
893672
893761
893943
893975
894030
894041
894397
894485
894629
894664
895090
895143
895147
895193
895517
895833
895876
895878
896020
896102
896386
896406
896496
896566
896703
896795
896880
896915
896931
896935
896974
897101
897115
897143
897456
897467
897479
897629
897721
897791
898037
898104
898222
898290
898460
898464
898519
898523
898563
898578
898702
898776
898872
898906
898920
898937
899139
899161
899307
899598
899618
899644
899839
900205
900273
900376
900475
900558
900604
900607
900682
900824
900837
900948
901495
901543
901575
901637
901869
901893
901962
902114
902130
902281
902333
902342
902373
902393
902504
902720
902901
902959
903041
903363
903398
903411
903477
903619
903690
903736
904483
904572
905054
905062
905063
905147
905197
905207
905441
905562
905636
905664
905783
905805
905825
905826
905918
906034
906095
906152
906227
906352
906396
906453
906469
906605
906718
906831
906917
907004
907159
907470
907597
907643
907663
907795
907859
908108
908151
908219
908759
909449
910011
910281
910321
910731
910881
910967
911036
911469
911642
911673
911915
911951
912228
912238
912400
912630
912641
912763
912770
913187
913214
913367
913477
913553
913898
913957
913980
913988
914068
914163
914230
914292
914329
914407
914832
914925
914963
914989
915081
915112
915194
915203
915244
915333
915439
915456
915764
915881
916054
916115
916149
916198
916283
916315
916412
916431
916465
916487
916512
916670
916686
916852
916867
917065
917092
917274
917330
917539
917823
917849
918084
918158
918391
918664
918779
918867
918942
919087
919179
919634
919750
919803
919815
920012
920291
920309
920704
920752
921053
921109
921123
921336
921384
921473
921531
921623
921637
921702
921838
921845
921901
921964
922023
922135
922358
922400
922497
922883
922899
923006
923092
923204
923315
923375
923429
923591
923696
923742
923755
923814
924063
924093
924185
924195
924463
924498
924521
924552
924609
924662
924860
925668
925817
925937
926266
926433
926439
926450
926724
926728
927214
927268
927277
927365
927523
927592
927905
927998
928129
928311
928586
928704
928734
928937
929015
929199
929569
929593
929633
929634
929651
929789
929797
930156
930177
930268
930345
930394
930415
930524
930700
930901
931038
931107
931368
931649
931782
932303
932429
932484
932551
932867
932987
933000
933099
933157
933459
933485
933776
933895
933925
934015
934193
934199
934286
934304
934339
934349
934575
934588
934601
934662
934781
935069
935101
935143
935213
935425
935548
935676
935795
935860
935895
935929
935933
936354
936516
936551
936758
936853
936914
937019
937384
937435
937444
937852
938022
938048
938288
938319
938374
938388
938391
938491
938536
938620
938727
938758
939093
939245
939295
939339
939378
939393
939433
939437
939618
939623
939659
939827
939840
940108
940111
940162
940393
940511
940578
940606
940626
940689
940694
940874
940909
940949
940996
940997
941067
941283
941312
941361
942064
942180
942300
942626
942653
942744
942785
943029
943151
943158
943161
943206
943209
943247
943386
943764
944046
944106
944181
944211
944444
944456
944501
944511
944560
944605
944643
944683
944735
944814
944864
945036
945386
945394
945468
945484
945508
945538
946089
946167
946173
946312
946443
946593
946720
946767
946861
946940
947245
947289
947441
947464
947513
947707
947730
947746
947905
947906
947989
948002
948225
948409
948426
948462
948617
948766
948802
948814
948845
948952
949084
949264
949318
949472
949526
949673
949787
949808
949817
949964
950100
950140
950273
950574
950771
950986
951177
951211
951311
951328
951343
951395
951544
951549
951634
951822
952408
952481
953099
953132
953287
953494
953510
953550
953703
953740
953748
953949
954386
954462
954535
954540
954555
954590
954676
954713
954855
955027
955137
955197
955483
955699
955767
955801
956135
956165
956246
956298
956345
956458
956532
957287
957346
957348
957404
957595
957722
957742
957788
958109
958515
958544
958721
958744
959067
959100
959280
959310
959409
959508
959742
959751
959843
959889
960050
960234
960264
960319
960460
960482
960713
960739
960798
960964
961216
961239
961405
961808
961845
962060
962286
962353
962365
962405
962767
962939
963086
963128
963239
963418
963442
963626
964147
964149
964363
964720
964783
964996
965108
965225
965249
965345
965351
965826
965879
965905
965944
966092
966126
966534
966559
966744
966816
966893
966908
967103
967284
967473
967569
967734
967750
967870
967976
968038
968239
968429
968519
968603
968694
968729
968776
968839
969250
969323
969346
969372
969483
969485
969662
969730
969780
969785
969820
970009
970034
970058
970144
970221
970248
970254
970315
970470
970493
970527
970847
970898
971386
971418
971489
971543
971561
971574
971588
971768
971900
972045
972314
972339
972433
972628
972643
972846
973238
973330
973332
973402
973703
973763
973787
974036
974098
974125
974210
974687
974796
975024
975033
975265
975460
975612
975647
975923
976149
976361
976617
976630
976848
976953
977067
977288
977469
977532
977775
978084
978123
978210
978380
978747
978755
978986
979164
979250
979419
979449
979683
980033
980108
980152
980216
980277
980315
980437
980460
980461
980508
980637
980710
980739
980872
981071
981161
981458
981471
981520
981832
982332
982381
982433
982664
982958
983239
983769
984024
984194
984301
984323
984474
984577
984624
984747
984853
984919
984994
985133
985225
985275
985295
985451
985453
985743
985956
986101
986151
986186
986337
986406
986455
986509
986561
986638
986641
986777
986825
987256
987335
987388
987445
987671
987682
988022
988024
988110
988141
988330
988463
988583
988617
988798
989098
989163
989198
989417
989728
989950
990126
990218
990290
990445
990540
990542
990688
990704
991016
991319
991495
991716
991849
991933
992025
992086
992494
992563
992693
992824
992932
992999
993166
993186
993265
993328
993374
993601
993675
994041
994359
994484
994484
994575
994602
994787
994800
994947
995087
995219
995251
995920
996139
996163
996179
996405
996436
996716
996927
997256
997300
997388
997473
997612
997755
998069
998115
998146
998355
998501
998671
998771
998814
998876
999318
999412
999570
999782
999986