1402
4465
6167
6491
6850
7951
9098
9632
14922
15643
15806
17493
19974
21216
22483
22688
23785
24366
26205
26490
26730
26859
27136
28842
31380
31905
32243
32775
32962
36366
38233
39689
40054
40540
42237
43123
44401
44579
44917
45933
46006
46596
47080
47273
49329
50335
50431
51486
52508
53718
54298
57144
57477
58344
58978
59811
60009
60020
60297
61285
62445
62780
62798
65114
65318
65496
65801
66285
68764
70090
71132
71440
71598
71678
72569
73721
74588
76250
76313
76692
77195
77538
78756
78759
79531
80501
80617
81373
81528
82967
83803
84352
84910
85902
86205
88295
88584
88693
88860
89179
89577
93684
93813
95174
96809
99743
99970
104339
104899
105285
105474
106575
107211
107560
108184
109210
109314
109897
111919
114744
115542
115790
116306
116607
116737
117247
118884
118983
120491
120548
121898
122937
123200
123605
123815
123908
124506
128124
128443
129312
130372
130722
131056
131086
132318
132911
135622
136442
137444
137550
138841
140449
140733
142153
142363
143727
144158
144398
145075
145912
146318
147243
148255
148405
151130
151392
152555
152639
153813
153915
154008
154956
155102
156222
158858
159058
160860
163654
163786
165470
165997
166063
167834
174468
175243
177156
177524
178064
179199
180690
183324
186085
186424
186780
187463
189240
190066
190272
190825
191037
191812
192030
194202
195711
196053
196587
198119
200860
201160
202422
203769
203988
205283
209079
209660
210820
210849
211748
212001
212277
212878
214826
215992
216388
217320
218008
219193
219198
219277
219775
220568
221132
221716
223312
224495
224734
224866
225271
225355
225688
225843
226077
226111
227617
227950
229188
232902
233525
234438
235418
236247
236443
236943
237242
237808
239160
239948
242411
244374
244738
244972
247138
247899
249096
250199
251224
256578
258520
259222
260336
261183
261384
263712
264299
265589
266021
266430
266458
267206
268522
272364
272645
272673
272751
272766
272909
274638
274812
275860
276433
276499
277090
277924
278482
278759
279346
280796
283619
283762
284034
284360
284673
285625
288358
288573
289652
290677
290732
291041
291643
293057
293778
295553
296700
296836
297434
297507
298451
300394
300902
301291
301461
305537
307027
309875
311952
312598
317952
318276
321631
325718
326692
327778
329226
332162
333009
333617
333968
334081
334117
338344
341328
342129
343245
343612
343850
344341
344604
344913
345867
347436
347538
348242
348571
348881
348917
349403
350314
350379
350481
351214
351239
353148
353401
353453
354327
354954
355118
356720
357719
359218
359999
360737
365355
366589
370708
372516
372645
372698
373375
374216
378108
378599
379600
380024
381770
384559
385988
386026
386749
387197
388875
390309
391455
391917
392484
393492
393754
394089
394155
395687
397845
400591
402145
403208
403679
404574
404778
405827
408415
408637
410514
411150
411851
412683
413603
414186
415590
417577
418076
418456
419360
419972
423228
423540
424317
424454
424501
425384
425674
426957
429447
429454
429702
430795
432421
432690
432943
433095
433183
433877
434523
436758
436929
438968
441132
441490
445034
446571
448372
448532
448909
449323
452628
452732
455406
456463
456540
456833
457396
459624
459691
460406
460941
462131
463690
464117
465073
465766
466330
466910
467699
468157
468705
468920
470369
474693
475093
476178
476914
476945
477410
479897
480012
480544
482653
483347
485266
485815
486882
487602
487719
488208
493415
493825
493857
493892
494103
495717
495946
499231
499749
500115
500433
501418
502552
502938
505367
505720
506500
506680
509145
510361
513703
513928
514081
514152
516564
516612
516956
517954
518107
518375
519172
519523
520619
520805
522387
522404
523590
524725
525394
527260
527699
528591
530272
530507
530554
531960
532184
532797
534295
535193
536356
536603
536850
537194
537864
538046
538315
538358
539549
540562
540972
541185
542186
543487
544041
547647
548562
548965
549137
549985
550437
552219
552792
553048
553411
553501
553905
554838
555429
556358
556696
557040
557141
557962
560319
560954
563151
563394
564303
564893
567132
569609
570983
571209
572941
574531
576590
576880
579109
581562
582179
582521
583432
585108
585195
587569
588618
589029
589804
590435
590980
592147
594274
595553
595773
596308
596793
597293
597799
601757
602428
602690
603026
603575
605090
607004
608174
609373
609769
611524
612383
613471
613481
613655
614112
614488
614991
615374
616329
617266
619351
620088
620966
622529
623580
623764
624494
625195
627081
627253
628519
629163
629317
629764
630764
631848
631916
633050
635707
636560
637075
638308
638595
640901
640906
642670
642837
644220
645696
646037
648930
649207
649493
650546
651913
652438
653005
653537
654948
655351
656032
656268
656508
657112
657995
658106
659112
661494
662351
662653
663422
663788
664125
664147
664485
665922
666960
667005
668403
668830
669115
670192
671347
672131
672899
673736
674961
675659
677588
678903
679764
680559
681148
681437
684273
686993
687033
687377
687601
689297
689463
690822
691497
692255
692391
693468
694782
696062
698336
699042
699360
700737
700786
703299
705221
706107
711301
713959
714505
715289
715507
719539
719834
721374
722146
722873
724446
725073
725243
725790
729630
731016
732019
732141
732219
732986
734837
735276
737489
738906
739006
739425
739549
740188
740943
743018
744521
745738
746149
746447
746559
747238
750792
751214
752002
752055
756069
756817
757439
757459
758570
766606
767755
767904
768089
768622
769367
769687
770215
770738
771226
771514
771946
772334
772348
772704
773991
775773
777724
780316
781066
782231
783350
783389
783402
784245
786113
787098
787309
789445
789672
790046
792246
797015
798254
799105
800624
804764
805625
806807
808077
808178
808866
809711
810023
810335
812253
813791
815935
817017
818007
819248
819399
820559
821257
823169
824100
825046
825113
825690
825765
826975
827339
827597
828309
828404
828564
828817
828978
829093
830427
832503
833752
834370
835746
835915
837299
837622
837978
838864
841781
843186
843276
845078
846612
847512
847999
848352
848797
849059
850313
851603
851753
853800
855997
856157
859998
860108
860407
862765
862780
862880
864114
864523
864875
865845
866085
867834
868649
869251
870169
871255
871733
872599
872788
872992
873321
874873
875621
876391
876503
879385
882287
886260
886834
887144
888528
889457
890626
890838
891615
891840
892619
892734
894814
897744
899565
901130
901931
905205
905843
906086
906601
906882
908947
912046
913124
919282
920954
922095
924409
925954
927658
928077
928104
929538
929544
930748
930924
931516
932805
933380
934830
935088
937173
938001
939160
939331
939383
940063
941386
941585
941634
942907
945363
947482
951574
953519
955207
956803
956987
958508
960501
961129
962849
962920
965928
966491
967682
967795
967814
967899
970281
971404
971435
972818
973354
974153
975425
977388
977564
978978
979158
980199
980680
981098
982350
983667
983765
983868
985846
985857
986560
986584
987599
987919
987928
991530
992325
992659
993200
993833
994434
996217
996648
998034
999282