52
546
686
749
778
1018
1199
1706
1855
2244
2652
2697
3120
3612
4021
4085
4297
4735
4793
5024
5138
5292
5351
5445
5655
5722
5722
5748
5920
6220
6293
6559
6789
7139
7554
7638
7831
8134
8319
8508
8567
8588
8722
8841
8846
8901
9555
9731
9749
10105
10277
10708
10890
11110
11184
11477
11590
12202
12660
12681
13329
13571
14005
14228
14391
14518
14650
14785
15488
15686
16180
16199
16609
16699
17591
17637
17664
17753
17823
18029
18091
18188
18263
18528
18661
18749
18968
18977
19494
19592
19849
20010
20608
21125
21932
21941
22089
22260
22536
22558
22584
22595
22675
22876
23066
23079
23489
23527
23587
23885
24184
24371
24672
24839
24879
24957
25134
25208
25570
25719
25733
25803
25827
26732
27194
27359
27364
27546
27574
28066
28177
28593
28645
28652
28889
28928
29110
29911
30161
30176
30320
31061
31125
31597
31683
31821
31915
32057
32140
32293
32477
32584
32978
33074
33478
33720
33787
33970
33985
34341
35005
35289
35410
35443
35795
36141
36285
36551
36584
36629
36742
36776
36870
36893
36972
37039
37614
37642
37764
38210
38437
38498
38539
38715
38755
38989
39103
39150
39208
39788
40133
40191
40348
40523
41296
41699
41930
42066
43193
43613
43741
43942
44034
44098
44566
44954
45222
45449
45535
45615
45618
45767
45883
45920
46034
46291
46456
46676
47154
47498
47747
48343
48379
48755
48768
48929
49039
49164
49578
49989
50065
50385
50428
50486
50821
51368
51386
51506
51507
51657
51990
52017
52366
52889
53482
54653
54802
55000
55202
55472
55537
55682
55685
55942
55999
56133
56561
56659
56673
56742
57749
58003
58026
58200
58748
59023
59173
59622
59978
60187
60188
60202
60276
61274
61302
61609
61628
61683
62194
62391
62611
62754
62976
63139
63568
64286
64933
65689
65748
65972
66112
66410
67011
67415
67596
67639
67884
68143
68730
69506
70209
70291
70967
71146
71186
71254
71383
71516
71719
71918
71949
72480
72580
73796
74674
75141
75245
75323
75816
75852
75920
76106
76358
76449
76463
76584
77007
77183
77360
77685
77778
77944
78460
78587
79416
79532
79704
80224
80341
80460
80532
81259
81920
81991
82725
82758
82775
83026
83506
84050
84123
84395
84560
84705
85025
85229
85260
85266
85445
85695
85840
86229
86380
86410
86821
87591
88015
88048
88154
88190
88417
88866
90932
91013
91068
91411
91511
91562
91615
91853
92201
92653
92683
92809
93118
93581
94035
94498
94657
96191
96270
96409
97120
97311
97771
98590
98895
98979
99436
99575
99690
99812
100163
100195
100641
100808
100839
100890
101325
101505
102475
102604
102691
102775
103110
103246
103537
103571
103660
103698
103851
103898
104085
104089
104502
104678
104883
105155
105283
105968
105989
106241
106419
106516
106706
107060
107334
107343
107601
107849
107864
107984
109411
109463
110473
111009
111209
111522
112042
112455
112659
112736
113669
113855
114177
114598
114946
115491
115515
115761
115857
116250
116552
117332
117963
118038
118106
118204
118324
118363
118845
119377
119464
119633
119806
119948
120061
120080
120447
120726
120840
120961
121311
121332
121459
121622
121795
121837
121901
122354
122381
122403
122496
122568
122573
122691
123279
123301
123509
123779
123889
124338
124521
125034
125075
125095
125605
125717
126082
126329
126578
127270
127426
127496
127506
127744
127792
128133
128331
128378
128429
128447
128989
129326
129658
130127
130479
130537
130556
130680
131384
131442
131805
132023
132437
132534
132878
132975
133029
133038
133334
133396
133436
133448
134298
134339
134563
135507
135568
135604
135795
135928
136394
136473
136526
137195
137366
137373
137548
138114
138139
138180
138527
138578
138689
139939
140300
140348
140716
140898
141181
141638
141880
141886
141893
141980
142097
142123
142599
142723
143038
143345
143429
143490
143549
143718
144232
144552
144599
145047
145235
145649
145703
145922
146450
146641
146686
146912
147231
147279
147413
147591
148095
148310
148485
149647
150054
150373
150410
150599
150853
150987
151154
151470
151600
151910
151934
152611
153348
153972
154061
154150
154152
154280
154486
154940
155194
155206
155279
155382
155522
155566
155685
155812
155969
156130
156160
156282
156350
156638
156681
157095
157519
157536
157550
157779
157981
158329
158443
158845
158958
159456
159688
159820
160126
160405
160439
160617
160625
160718
160906
160924
161276
161454
161518
161647
161926
162318
162683
163019
163082
163456
163503
163771
163839
163938
163960
164243
165288
165473
165515
165600
165785
165809
166300
166496
166557
166963
167029
167184
167471
167726
167763
168669
168730
168770
168908
168920
168983
169092
169128
169272
169357
169374
169517
169648
169990
170029
170033
170300
170518
170573
170694
170810
170846
171073
171317
171396
171597
172650
172752
172859
172874
173121
173174
173822
174340
174747
175208
175454
175478
175616
176057
176256
176400
176411
176716
177679
178402
178508
180156
180196
181237
181364
181433
181462
181496
181889
182101
182445
182490
182720
182761
182821
183049
183156
184453
184508
184510
184791
185665
185946
186031
186217
186647
186968
187134
187861
187915
188574
188613
189239
189620
189884
189997
190240
190454
190588
190701
190715
191405
191470
192262
192437
192667
192979
193194
193329
193534
193729
194031
194053
194997
195728
195805
195920
196160
196256
196417
197066
197099
197193
197452
197529
197683
197807
197873
198028
198309
198311
198327
198547
198697
198848
198872
199188
199439
199513
199618
199737
200057
201291
201303
201465
201542
201983
202189
202425
202533
202613
203072
203117
203489
203594
204149
204906
205206
205455
205582
205759
206211
206262
206576
206826
206836
207386
207967
208540
208707
208974
209043
209140
209246
209281
211847
212017
212183
212454
212478
212669
212863
213038
213140
213183
213417
214744
214774
215157
215193
215196
215241
215243
215259
215479
215730
216322
216407
216814
216855
217309
218070
218087
218881
218957
219158
219252
220006
220544
220740
220835
220932
221384
221393
222047
222070
222143
222307
222344
222475
222490
222798
222993
223027
223273
223637
223790
223935
223940
224090
225188
225714
225741
226262
226328
226567
226817
226879
227253
227442
227482
227658
228357
228407
229034
229065
229480
229532
229543
229553
229604
229638
230063
230153
230619
230711
231271
232267
232710
232735
232771
232782
233029
233743
234157
234367
234524
234645
234652
234678
234940
235481
235654
235700
235754
235806
235963
236091
236226
237053
237505
237538
237961
238044
238071
238375
238459
239300
239323
239423
239607
239955
239996
240347
240426
241045
241074
241372
241729
242074
242230
242639
242977
243127
243448
243562
243860
243986
244182
244353
244549
244578
244597
244680
244735
244775
245004
245170
245724
245760
245843
246221
246251
246327
246673
246729
246833
247280
247365
247562
247691
247898
248243
248775
248843
248847
248858
248913
249756
250104
250192
250400
250764
250869
251232
251352
251711
251908
251909
252387
252738
252768
253015
253508
253638
253645
253737
254167
254260
254301
255144
255287
255427
255437
255621
256025
256055
256792
256855
256913
257200
257496
257554
257650
257850
258004
258199
258407
258567
258671
258891
259618
260251
260319
260514
260635
260745
261059
261437
261547
261923
262440
262680
262750
262998
263024
263040
263189
263485
264296
264880
264975
265589
265690
266343
267610
268079
268756
268950
269008
269300
269384
269416
269822
270141
270456
270532
270534
271082
271240
271617
271684
271723
271883
272030
272170
272655
272808
273427
273856
273908
274630
274693
274717
274808
275276
275668
276382
276662
277222
277390
277466
278306
278935
279242
279471
279558
280023
280033
280086
280100
280130
280393
280905
281133
281454
281649
282309
282534
282539
282634
282647
282774
282780
283082
283329
283341
283384
283409
283660
283911
284053
284313
285514
285596
285777
285866
286202
286536
287214
287408
287561
287599
287626
288249
288462
288611
288962
289281
289377
289425
289499
289523
289639
289907
290325
290408
290661
290981
291036
291081
291139
291380
291868
291999
292104
292492
292821
292937
292997
293189
293393
293409
293567
293838
294019
294418
294684
294692
294785
294854
295282
295473
295627
295729
295803
295917
296192
296333
296646
296827
297058
297296
297382
297439
297737
297972
298201
299191
299200
299570
300082
300158
300279
300422
300496
300563
300620
300777
300816
301461
302413
302499
302867
302985
303285
303414
303602
303864
304039
304321
304491
304694
304723
304824
305109
305256
305513
305723
306061
306146
307311
307454
307585
307860
307890
307923
307965
308102
308139
308587
309583
309729
309823
309836
309947
310230
310257
310339
310889
311123
311206
311354
311656
311971
312131
312270
312401
312625
312696
312784
312939
313305
313621
314144
314250
314927
315373
316011
316197
316505
316931
317073
317169
317212
317377
317495
318167
318209
318338
318368
318796
318879
319651
319808
319878
320244
320271
320287
320332
320589
320941
320993
321047
321188
321804
321859
321935
322691
323094
323125
323351
323471
323807
323949
324003
324285
324446
324462
324609
324813
325025
325674
326496
326743
326780
327652
327747
328502
328614
328708
328734
328973
329134
329326
329642
330064
330241
330388
331002
331482
332033
333084
333285
334240
334707
334834
334934
335180
335398
335452
335564
335857
336839
336849
337098
337257
337669
337711
337892
338009
338087
338632
338717
338754
339027
339120
339176
339574
339722
339831
339890
340176
340197
340503
340515
340857
341164
341448
341585
341791
341892
341921
342501
343406
343850
344084
344713
344891
345119
345151
345157
345196
345317
345354
345895
345939
346037
346161
346304
346992
347739
348188
348461
348489
348515
348675
348924
349005
349034
349563
349652
349680
349753
349772
349774
350114
350174
350264
350653
351113
351230
351375
351520
351542
351561
351571
351636
351716
352011
352093
352156
352164
352202
352207
352284
353154
353252
353320
354590
355841
356003
356307
356340
356424
356575
357363
357454
357814
357829
357850
357862
358282
358656
358866
358972
360340
360361
360575
361200
361317
361384
361460
361690
361771
361874
362489
362726
363016
363189
363192
363708
363818
364563
364590
364627
364877
364978
365123
365480
365670
365953
367455
367869
368528
368559
368899
369069
369187
369491
369948
370535
370568
370599
370673
371074
371509
371921
372423
372503
373003
373034
373094
373105
373406
374027
374239
374652
374684
374805
374932
374980
375001
375162
375610
375786
375795
375857
375927
376024
376111
376735
378321
378549
378575
378609
378632
379236
379636
379653
379857
379901
379902
379907
379920
380107
380193
380638
381135
381690
382459
382791
382954
383092
383682
383730
383920
384056
384905
384930
385119
385373
385467
385468
385469
385868
386139
386140
386445
386526
386565
386702
386787
386885
387337
387447
387702
387778
388020
388526
390198
390252
390616
390673
390721
390853
391119
391142
391656
391669
392387
392986
393071
393561
393622
393655
393974
394495
394856
395129
395177
395506
395690
395760
395962
396274
396350
396599
396649
397287
398012
398226
398259
399113
399217
399623
399885
399989
400449
400738
401345
401581
401745
401825
401867
401907
401923
401930
402560
403003
403240
403402
403515
403984
404084
404431
405303
405369
405749
406547
406787
407116
407412
407502
407851
409447
410545
410558
410782
410798
410929
411053
411072
411134
411348
411365
411418
411677
412102
412152
412343
412756
413309
414010
414010
414179
414721
414830
414850
414900
415219
415220
415694
415982
416241
416474
416549
416613
416927
417332
417661
417860
418321
418416
418489
418573
418637
418663
419046
419600
419734
420141
420276
420496
421099
421473
421547
422028
422082
422548
422911
422941
423105
423136
423374
423397
423667
424454
424526
424731
425036
426306
426578
426838
427262
427340
427351
427358
428498
428810
428829
428982
428997
429132
429614
429927
429965
429989
430364
430585
431236
431419
431573
431790
432370
432416
432820
432877
433801
434173
434295
434521
434542
435046
435138
435271
435542
435558
435659
435720
435780
435817
435865
436099
436103
436120
436773
436887
436959
436989
436990
438118
438345
438392
438552
438820
438892
439091
439181
439352
439453
439579
440259
440265
440311
440386
441243
441307
441549
442015
442282
442351
442542
442575
442582
443657
444216
444408
444434
444494
445114
445296
445630
445655
445789
446280
446334
446523
446651
447262
447344
447508
448319
448349
448707
449078
449315
449909
450121
450284
450349
450615
450631
450969
451090
451105
451147
451445
451474
451793
451822
452182
452402
452559
452783
453358
453365
453683
454245
454539
454747
454831
455249
455312
455549
455759
457307
457525
457854
457929
458510
458951
459043
459316
459714
460058
460217
460424
461186
461188
461577
461678
461903
461970
462201
463158
463433
463691
463867
464094
464647
464774
464985
465149
465339
466486
466631
466790
466851
466997
467548
468118
468152
468378
468602
468606
468655
468903
469498
469814
469883
469939
470059
470132
470419
470511
470631
470638
470729
471042
471185
471245
471664
472532
472664
473308
473999
474061
474179
474611
475379
475566
475582
475690
475838
476440
476980
477144
477161
477170
477368
477385
477661
477687
478394
478961
479092
479101
479334
479556
479634
479741
479754
480270
480388
480447
480504
480583
481414
481553
482034
482220
482328
483003
483480
483636
483676
483910
484168
484269
484575
484997
485139
485187
485257
485576
487054
487304
487638
488454
488664
488898
489013
489632
489643
490383
491225
491348
491626
491654
491678
491871
491969
492049
492663
492882
493532
493553
493802
493993
494205
494367
494422
494515
494524
494786
495350
495491
496502
496708
497530
497760
497868
497972
498276
498468
498606
499070
499084
499608
499710
499713
499717
499867
500147
500379
500894
501180
501328
501837
501925
501933
502091
502615
503150
503219
503352
503424
503559
503699
503708
503806
504027
504080
504112
504128
504240
504742
504895
505312
505320
505371
505388
505391
505619
505999
506020
507283
507944
507980
508120
508818
509165
509629
510050
510325
510482
510770
510943
511185
511530
511610
511692
511702
511757
512363
512510
512751
513172
513269
513310
513486
513582
513991
514173
514531
515045
515059
515193
515489
515671
515789
517019
517240
517305
517564
517586
517733
517840
517868
518007
518564
518565
518701
518732
518778
519379
519577
519606
519641
519840
520438
520802
520817
521151
521237
521252
521451
521854
523015
523657
523940
524189
524366
524371
524390
525010
525155
525168
525862
526049
526114
526842
527225
527702
527716
527721
527877
528167
528276
528277
528306
529001
529210
529412
529597
529889
530028
530173
530774
530890
530986
531005
531168
531271
531956
531995
532126
532852
532853
532942
533301
533553
533775
533936
533950
534007
534288
534310
534722
534806
535054
535471
535832
535844
536057
536310
536423
536595
536645
537245
537341
537384
537431
537976
538266
538474
538479
538620
538835
538864
539399
539414
540047
540270
540579
540899
540916
541377
541754
542044
542322
542363
542673
543159
543301
544186
544358
544383
544416
544856
545031
545617
545816
545869
546279
546347
546471
546518
547084
547353
547375
548422
549475
550232
550799
551040
551189
551196
551269
551336
551350
552501
552593
552757
553067
553107
553321
553406
553877
554176
554445
554509
554852
554974
555503
555662
555711
556088
556405
556539
556573
556678
556716
556874
557450
557472
558106
558424
558975
559077
559192
559271
559317
559621
559832
560630
560782
561763
561840
562064
562334
562756
563164
563821
564157
564325
564379
564506
564755
565041
565495
565633
566211
567059
567502
567759
568424
568549
569221
569272
569652
569694
569705
570471
570498
570617
570682
571003
571035
571177
571782
571946
572245
572355
572797
572974
573031
573176
573214
573651
573726
573837
574283
574463
574484
574485
574878
574992
575032
575101
575829
576231
576436
576949
577332
577418
578266
578538
578554
578703
578855
578869
579253
579344
579354
579673
579777
579988
580249
580749
581490
581884
582239
582488
582533
583062
583181
583219
584517
584642
585019
585020
585075
585732
585802
586007
586414
586471
586746
587043
587075
587181
587479
587663
587971
588134
588396
588505
588669
589259
589446
589463
589790
589997
590460
590491
590493
590897
591122
591267
591481
591559
591572
591812
592211
592457
592526
592554
592659
592952
593744
593899
594050
594268
594467
594476
594496
594678
595029
595591
595595
595893
596272
596649
596955
597308
597946
598136
598333
598409
598457
598654
598942
599358
599363
599494
599922
600081
600574
600677
600706
600784
600897
601233
601235
601762
601814
601980
602268
602313
602533
602799
602968
602988
603265
603412
603721
603773
604309
604416
604449
604467
604492
604543
604841
605089
605729
605953
605966
606099
606242
606382
607012
607278
607401
608260
608601
608641
608718
608963
609295
609629
609759
609904
609980
610023
610153
610434
610624
610677
610686
610918
610939
611724
611844
612329
612980
613156
613422
613715
613784
614576
614586
614700
614760
614957
615183
615284
615348
615826
616062
616288
616507
617507
618034
618255
618386
618518
618735
618784
619036
619419
619720
620076
620335
620451
621776
621877
622394
622454
623839
623960
624431
624671
624673
625292
625915
626299
626793
627036
627419
627496
627625
627897
628092
628473
629933
630038
630974
631066
631226
631330
631515
631892
631927
632101
633245
633278
633376
633635
633688
633849
633873
633956
634697
634827
634950
635217
635399
635876
635989
636093
636151
636223
636387
636423
636761
636780
636899
637180
637311
637762
637940
638073
638309
638509
639222
639272
639309
639964
640575
640696
640777
641340
642670
642751
642819
642850
643181
643251
643706
643720
643763
643938
644082
644214
644230
644474
644560
644564
644688
645276
645504
646350
646386
646402
646502
646654
646724
646755
647041
647470
647589
648010
648079
648089
648285
648365
648611
648650
648728
648952
649332
649358
649481
649545
650112
650585
651746
652023
652030
652295
652334
652552
652661
653877
654164
654637
654699
654795
655058
655534
655594
655833
656016
656040
656201
656295
656428
656638
656711
657937
657978
658243
658298
658361
658996
659494
659583
659672
660154
660244
660273
661685
661736
661832
661953
662051
662085
662317
662326
662539
662853
662923
662972
663017
663759
664024
664218
664492
666037
666226
666365
666859
667204
667207
667315
667414
667580
667951
667989
668667
668805
669067
669722
669849
670033
670474
670697
671137
671281
671727
671831
672321
672633
672657
672703
672770
672782
672814
672815
672949
673059
673161
673582
673833
674045
674095
674112
674140
674493
674618
675136
675572
675943
676340
676389
676838
677500
677581
677792
677804
677841
678008
678395
678549
678570
679110
679302
679380
679401
679539
679789
680199
680202
680358
680375
680624
680981
681073
681259
681574
681637
682399
682467
682562
683085
684192
684268
684368
685119
685575
685632
686069
686127
686273
686471
687110
687390
687452
688430
689343
689387
689419
689843
689921
690167
690601
690694
691216
691458
691497
691587
691621
691746
692173
692445
693100
693306
693383
695431
695549
695739
696174
696283
696341
697125
697226
697730
697767
697787
698183
698731
699026
699134
699142
699209
699314
699329
699460
700023
700356
700522
700733
701222
701513
701623
701822
701850
702324
703072
703417
703532
703690
703721
704029
704077
704266
704496
705053
705069
705214
706345
707058
707281
707367
707455
707492
707600
707687
707719
708023
708322
708343
708344
709189
709269
709376
709435
709739
709780
709850
710436
710443
710477
710871
710905
710951
711193
711550
711931
711992
712322
712357
712819
713174
713333
713380
713497
713517
713714
713961
713976
714342
714370
714571
715456
715462
715463
716075
716485
716645
716846
716870
716981
717054
717082
717478
718095
718690
718981
719059
719190
719666
720248
720689
720795
720914
721032
721101
721502
721783
721963
722184
722318
722622
722626
723770
724220
724433
724434
724437
724607
724951
725166
725508
725899
725901
725939
726051
726119
726213
726220
726270
726501
726519
726626
726700
726826
727337
727828
727991
728540
729032
729207
729273
729374
729661
730694
731844
732073
732293
732448
732575
732912
733072
733858
734178
734338
734441
734492
734506
734859
735254
735648
736003
736076
736262
736353
736395
736457
736545
736653
736762
736768
736878
737133
737894
738072
738136
738272
738644
738749
738751
738942
739052
739138
739237
739361
740363
740749
741039
741147
741227
741745
741750
741759
741814
741887
742183
742489
743054
743584
743677
744501
744728
744733
744987
745262
745533
745547
745594
745724
746018
746356
746737
746795
747536
747680
747890
748731
748856
748989
749540
750000
750180
750570
750572
750650
751010
751078
751085
751428
751777
751959
752349
752468
753056
753253
753582
753645
754053
754475
754591
754983
756047
756188
756356
756394
756665
756790
756822
757130
757278
757312
757451
757640
757918
757952
758035
758326
758459
758703
758794
759513
759517
760034
760078
760206
760349
760463
760606
760675
760855
760974
761175
762080
762113
762290
762790
763391
763562
763641
763745
764178
764186
764235
764831
765038
765058
765189
765458
765581
766071
766809
767202
767252
768125
768163
768427
768698
768799
769015
769106
769195
769222
769515
769555
770461
770866
771105
771192
771351
771711
771756
771764
772517
772708
772934
772956
774222
774357
774368
774738
775011
775171
775294
775499
775626
775912
775970
776065
776283
776782
776950
777124
777215
778042
778151
778177
778766
779252
779258
779299
779497
779541
779599
779611
780288
780374
780503
781136
781342
781720
781921
782234
782286
782421
782446
782846
782864
783523
783581
783943
784373
784380
784448
785291
785693
785735
785740
786164
786356
786832
787276
787350
787814
788411
788559
789061
789078
789116
789335
789516
789553
789812
790080
790199
790396
790441
790857
791561
791789
791886
791891
792109
792336
792913
793537
793541
793572
793732
794032
794119
794137
794439
794509
794580
794765
795214
795234
795311
795365
795425
795454
795703
796212
796329
796705
796964
797498
797633
797651
797915
798059
798343
798565
798597
798988
799255
799396
799396
799404
799410
799586
799622
799727
800120
800170
800228
800581
800587
800596
800645
801409
802290
802325
802363
802721
802794
803434
803678
803696
803713
803903
804020
804103
804137
804471
804585
804822
805026
805224
805336
805340
805466
806295
806580
806654
806736
807622
807644
807830
807995
808116
808469
808860
809309
809809
809911
809970
811072
811744
811881
812071
812133
812271
812315
812484
812493
812859
812952
813065
813069
813386
813433
813675
813816
813931
814295
815224
815338
815537
815842
816368
816487
816539
816717
816925
817348
817421
817576
817829
818114
818261
818411
818552
818646
818790
818989
818989
819049
819225
819358
819410
819421
819716
819841
820168
820605
820681
820751
820829
820903
820980
821644
821792
821963
824408
824687
824923
824970
825056
825187
825690
825709
826186
826232
826534
827001
827167
827246
827459
827809
828026
828097
828373
829244
829313
829585
829836
830122
830176
830246
830296
830304
830479
830635
830921
831379
831427
831504
831813
832048
832590
833522
833546
833837
833888
834059
834238
834251
834294
834347
834971
835026
835248
835317
835369
835451
835535
836111
836217
836221
836286
836526
836706
836795
836808
837084
837168
837583
837718
837778
838771
838782
838842
838887
839390
839400
839872
840192
840300
840586
841010
841031
841460
841470
841777
841938
842054
842393
842652
842722
842863
842914
842950
843050
843279
843855
843901
843933
843977
843977
844245
844271
844708
844743
844818
845788
845993
846015
846198
846588
846862
847875
848017
848235
848249
848547
848735
848739
848795
848898
849179
849574
849649
850210
850498
850815
851009
851182
851250
851321
851830
852692
852843
852904
852924
853191
853389
853463
853533
853583
854241
854271
855033
855171
855217
855533
855682
856353
856805
857153
857401
857451
857576
858117
858123
858249
858510
858883
859459
859482
859545
859792
859802
859859
860174
860285
862892
863278
863623
863983
864019
864212
864957
865495
866140
866242
866407
866516
866671
867775
868134
868189
868258
868314
868398
868603
868709
868856
868886
868888
869011
869223
869266
869298
870652
871360
871431
871812
871958
872201
872230
872629
873405
873712
874114
874360
874413
874691
874726
874735
875752
875894
875956
876122
876138
876339
876354
876419
876533
876744
876765
877138
877535
877671
877710
877748
877798
878014
878141
878173
878475
878938
879030
879082
879134
879594
879647
879667
880090
880129
880808
881938
882490
883376
883453
883602
883846
883862
883881
883934
884340
884562
884802
884904
884994
885004
885008
885636
885661
886088
886348
886730
887054
887608
887609
887724
887817
888031
888079
888111
888201
888267
888299
888323
888766
888791
889150
889375
889491
889644
890237
891899
892149
892694
893310
893469
893718
893777
894154
894183
894532
894554
894589
894636
895210
895713
895738
895840
896449
896746
897607
897860
897949
898308
899125
899181
899447
900088
900174
900588
900875
900947
901105
901682
901762
901775
902008
902549
903260
903266
903269
903861
903999
904215
904425
904484
904512
904877
905044
905252
905318
905342
905593
906116
906825
906832
907005
907261
907580
907703
907783
908547
908570
909824
910240
910607
910623
910675
911007
911435
911867
912077
912287
912440
912476
912606
912638
912827
913037
913054
913126
913274
913432
913501
913608
913652
913868
914277
914662
914781
915185
915321
915425
915440
915457
915818
915899
916041
916611
916633
916805
916868
916883
917025
917163
917354
917728
918001
918153
918455
918800
918868
919011
919074
919219
920333
920593
920700
920737
921202
921532
922188
922457
922550
922621
922724
922904
922950
923008
923043
923099
923138
923426
923995
924375
924932
924989
925025
925307
925376
926064
926511
926557
926670
927077
927232
927643
927907
927926
928044
928480
928834
929499
929720
930007
930096
930197
930266
930298
930331
930945
930950
931339
931339
931596
932030
932718
932875
932985
933279
933440
933522
933775
933891
934219
935078
935155
935162
935372
935503
936090
936509
936609
936759
937325
937670
937993
937994
938086
938140
939569
939730
939780
939927
939993
940250
940669
941204
941609
942052
942340
942726
942760
942908
942925
943126
943284
943297
943309
943426
943516
943569
943675
943802
944563
944786
945001
945111
946403
946545
946833
946948
947368
947736
948449
948908
948954
949104
949278
949527
949965
950145
950155
951119
951214
952466
952547
952568
952771
952822
952950
953318
953596
953714
953765
954268
954282
954307
954400
955056
955335
955745
956274
956346
957321
957456
957783
957930
957971
958752
958762
958901
959423
959826
960126
960206
960237
960967
961025
961029
961265
961299
961440
961748
962058
962797
962907
963075
963725
963776
963964
963969
964330
964711
965033
965305
965337
965392
965466
965782
966072
966137
966148
966227
966664
966726
966808
966820
966891
966927
967105
967894
968385
968420
968542
968829
969094
969272
969885
969902
970201
970324
970438
970520
971018
971024
971057
971142
971197
971314
972129
972492
972968
973021
973305
973317
973637
973749
973763
973883
974015
974168
974260
974344
974420
974891
975284
975426
975565
975802
976245
976565
976816
977083
977099
977178
977260
977309
977460
977506
977585
977687
977981
978072
978253
978269
978755
979301
979306
979544
979910
980076
980185
980207
980406
980471
980702
980878
981103
981222
981267
982085
982312
982545
983600
984245
984748
984857
984857
985181
985757
987089
987450
987554
987860
988250
988654
989197
989369
989518
989588
989677
989842
989854
989930
990663
990667
990693
991220
991699
991762
991844
991987
992147
992188
992625
993010
993318
993349
993505
993863
993899
993949
994080
994478
994871
995308
995612
995722
996246
996365
996504
996638
996680
997069
997162
997175
997256
997359
997443
997588
997929
998347
998958
999037
999434