271
301
575
636
1641
2810
3689
4082
4208
4227
4547
4683
5174
5294
5438
7812
7863
7913
8125
9060
9779
10598
10792
10861
11385
11701
11787
11853
12798
13938
13985
14347
15320
16545
16719
18632
18942
19834
19861
20163
20467
20852
20856
21580
21811
22288
22601
23095
23666
24103
24216
24454
24686
25455
25743
25796
26293
26381
26960
27006
27102
27213
27752
29503
31026
31362
31501
31562
32066
32146
35228
35269
35447
35453
35812
36252
38516
39470
39785
39921
40063
40193
40403
40408
40847
40920
41875
42775
43392
43502
43826
44060
44862
45963
46239
46529
46795
46813
46839
47116
47831
48403
48644
48898
49053
49309
49597
50434
51907
52785
53584
53785
54097
54836
55137
56919
57099
57485
57670
58168
58703
58731
59203
59632
59646
59708
59907
62743
63062
63750
64072
64621
65354
65854
65977
66060
66448
66575
66838
67570
67652
68282
68498
68993
69086
69833
70874
70964
71067
71678
71699
71774
72426
73300
73968
75114
75397
76533
76729
77555
77900
78975
79831
80027
80254
80402
82128
82136
82184
82471
82571
82727
82769
83081
83138
83265
83409
84024
84728
85187
86110
86767
87049
87720
87795
88330
88432
88818
90109
90841
91550
91681
91791
91935
92184
92263
92301
92915
92959
92982
93232
95191
95578
95762
95928
95980
97143
97249
98093
98375
99508
100334
100886
100986
101844
101910
102305
102989
104484
104492
104587
104728
104992
105317
105954
106030
106834
107230
107498
108103
108578
109228
109859
110374
111059
111689
112845
113531
114672
115365
115767
116363
117051
117751
118014
118040
118079
118378
118667
118798
118806
119654
119805
120692
120967
121280
121518
122018
122310
122430
122464
122635
122706
123142
124242
124370
124699
126911
127475
127565
127831
128438
129223
129667
130223
130381
130703
131276
132580
132624
132836
133049
134422
135393
135547
137756
138020
138434
138654
139192
140251
141915
142483
144855
144869
146397
146473
146952
147041
148384
149257
149357
149511
149764
149803
151430
152126
152131
152842
153073
153309
153614
154215
154714
154951
155050
155103
155427
155467
156369
156813
158234
158402
158910
159124
159143
159442
159518
159741
160981
161539
161700
163589
163739
164055
164189
164406
164577
165350
165968
166240
166967
167473
167482
169934
170202
170593
170650
171231
171429
171754
171820
172476
172608
173438
173607
174275
174566
174866
175029
175053
175170
175536
176697
177555
178341
178394
179872
180635
180690
181299
182299
182797
183100
183457
184771
184800
184895
186426
186500
186651
186805
187290
187711
187891
188784
189691
189751
189837
189849
189908
190607
190891
190927
190982
191268
192420
193342
193619
193834
195026
197081
199131
199303
199444
199636
200305
200973
201488
202004
202053
202836
203084
203356
203751
204244
204533
206066
206139
206451
206569
208752
208861
209386
209841
209956
209967
210816
211074
211491
211640
212313
212357
212552
213082
213637
214523
214654
215872
215990
216913
217220
218107
219005
220052
220551
221124
221556
221793
222305
223061
223697
223707
224894
225048
225809
226281
227556
227710
228189
229490
229797
230829
231371
231543
231702
232173
232520
233009
233078
233627
233732
234366
234368
235194
235310
235557
236755
236791
236813
237219
238002
238610
239147
240997
241540
242060
242370
242467
244819
245923
247307
247852
247917
247946
248030
248196
249740
253959
254190
254478
254493
254715
255203
255993
256062
256551
256662
257297
257917
258187
258665
259165
259242
260075
260319
261678
263795
264785
264998
265325
268468
268794
269609
269775
269930
271254
271795
272233
274015
274551
274662
275123
275156
275283
275932
275934
276331
277147
277216
277855
279413
280869
280895
281182
281283
282080
282320
282328
282354
282443
282469
283670
286295
288168
289175
290204
290523
290948
291577
292208
292734
292935
293060
293285
293390
293417
293438
293650
293920
294014
294201
294960
295301
296682
296955
297400
298120
298180
298621
299860
300369
300471
300782
301367
301411
303079
303131
303152
303551
305268
305273
305802
305996
306115
306389
306576
306669
306929
307437
307506
307987
309567
309578
309736
310201
310620
311294
311452
312473
312819
312879
316077
316677
317364
318620
318730
319091
320134
321034
321264
321625
322463
323774
324109
324742
325819
326358
327072
327524
327578
327711
327915
328123
328901
330149
330516
330598
330774
331798
332369
333316
333369
333477
333517
333690
334570
334733
335365
338225
339348
339768
339769
339786
339825
340504
340578
340579
340592
341636
342251
342548
342555
342901
343071
343715
343841
344240
344381
345057
345330
345485
346753
346856
347200
347797
347937
348266
348290
348380
348954
349559
349690
349953
350185
350995
351027
351264
351709
351823
352100
352991
353012
353721
353771
355032
355791
356263
356360
356637
356720
356807
356896
357967
358535
359447
359613
360169
360416
360728
362044
362136
362186
362395
362560
362935
363110
363367
363465
363680
364853
366310
366506
366688
366968
367597
368717
368770
369013
370009
370064
370167
370393
371046
371301
371435
371658
371833
372180
372721
373126
374523
375606
376019
376281
376373
376397
377737
378044
378395
378543
380602
380695
380971
383182
384187
384665
384672
384797
387262
387290
387868
389507
391064
392464
392567
393348
394411
395145
395146
395873
396933
397212
397253
397594
398124
398327
399044
399428
400455
401059
401127
401555
402215
402232
402659
402918
403003
404459
404834
405697
407110
407149
407565
408153
408469
408570
408822
410859
411085
411387
411715
412416
412953
413614
413930
414515
415498
415705
415997
416164
416395
416876
417086
417689
417959
418571
419115
419541
419814
420614
420773
421906
422413
422486
422749
422779
423072
423085
423744
425156
425295
425297
425575
426312
426654
426929
427086
427298
428658
429987
430936
432866
433021
433090
433236
433763
434116
434125
434131
435691
435773
436458
436829
437017
437340
438255
439276
439975
440298
440479
440852
441197
443907
444031
444097
444403
444414
444672
445264
445407
445756
445773
445909
446712
446922
448871
448894
449305
449680
449748
449798
450691
450708
451620
451832
452124
452143
452687
453015
453794
454461
455964
456600
456890
457136
457971
458261
458762
459024
459793
460231
460442
460491
460792
461007
461023
461340
461455
461781
462110
463128
463955
464142
465753
465781
466195
466563
466873
467027
467136
467433
467690
467757
467774
467895
468366
468652
468984
469281
470740
470877
471117
471384
471783
473963
474365
474389
474477
474928
475070
476449
477514
477565
478646
481063
481220
483230
483299
483632
483690
483915
484613
485717
486525
486947
486949
487589
487917
488220
488241
488904
489288
489590
489601
489934
490349
490647
490727
490829
491415
491657
491833
492523
492976
493091
493301
493333
493692
493770
494366
494430
494737
495429
496147
496387
496682
496745
497622
498048
498930
498938
501857
502054
502354
502740
502975
503430
503483
503528
504466
504496
506691
507046
507734
508329
508381
508888
510062
511358
511795
511979
512250
512534
512945
514086
514875
515695
516485
516841
517578
517867
518192
518921
518952
519351
519712
519891
520323
520327
520862
521149
521638
521819
521827
522569
522665
522730
522765
523527
523788
525186
525363
526740
527210
527278
528224
528427
528491
528794
529142
529846
531420
531922
533328
533711
535352
535506
535527
535534
535830
536180
536648
536957
537099
537393
538501
538589
539502
539547
540281
540709
541804
541881
541957
542993
543183
544662
544780
545012
545101
545640
547212
547832
548182
548496
548636
548798
549664
550336
550533
550584
550780
550913
550928
551006
551876
552376
552972
553152
554148
554271
554355
554511
554637
555128
555835
556208
558244
558782
558796
558850
559130
559231
559977
560025
561043
561106
562071
562277
562638
562913
563599
563683
563772
564532
564682
565385
565606
565930
566341
566721
567043
568211
568656
568860
569863
570095
570752
572514
573298
573530
573575
573777
575419
575432
575982
576616
577503
577888
578101
578575
578617
579020
579205
579671
579921
580663
581855
582427
582726
583083
583469
584209
585143
585962
587186
587421
587468
587969
588919
589348
589842
590075
590343
590412
590462
590783
592195
593914
594450
595150
595607
595917
596595
597197
597502
597548
598174
598185
598584
599905
599969
600077
600709
601172
602239
602641
602668
602962
603953
604081
604162
604178
604197
605084
605177
606089
606892
607437
607783
608179
608258
609396
611375
611446
611830
612361
612416
612791
613021
614098
614345
614715
615432
615680
615710
616203
616512
616646
616764
617042
617499
618792
618792
619679
619689
619814
620246
620301
620499
620522
621947
624177
625728
625742
626708
626875
627181
627846
627991
628331
628445
628472
628917
629359
630366
631814
631866
633206
633526
633696
633773
633945
634760
634914
635269
636633
637254
637485
638188
638431
638442
638816
638949
639172
639269
639322
639356
640634
641150
641239
643378
644267
644839
645000
645494
646738
646873
647072
647900
648396
648854
649079
650101
650379
651239
651388
651698
651915
652504
652626
652650
653372
655737
656435
656746
656979
657567
658145
658262
658413
658842
658874
659668
660233
660260
660350
660408
660550
660981
661212
661454
661698
661710
663006
664753
665220
665227
665866
665964
666603
666612
667939
668989
669249
669553
669797
669875
670301
670781
671047
672053
672905
673309
675071
675503
676289
676445
677543
677682
678074
679064
679703
679908
679928
681465
682653
682946
683618
685639
686822
687069
687849
689503
689592
689857
689942
690289
690892
691307
691929
692658
692808
693435
693902
693956
694667
696352
696606
698544
699353
700147
700481
700528
700859
701343
701537
701565
701758
701809
701869
702219
702770
703623
703714
704488
705003
706084
706201
706866
707712
707966
707970
708193
709686
710546
710744
710868
711220
711843
713038
713745
714109
714859
715173
715691
715969
717479
717765
718365
718558
718647
718668
718766
718767
719597
719747
720346
720550
720875
721206
722286
722665
722909
723681
724203
724300
724489
724489
724848
726223
726688
726722
727119
727288
727649
728442
728752
729757
730236
730392
730432
730703
730807
731198
731249
731743
732580
732911
733454
733907
734767
734773
735749
735932
736013
737106
737300
737893
737951
737964
738834
739070
739627
741070
741166
741231
741524
741563
742028
742605
743375
743813
744091
744571
745375
745618
745795
745857
745889
745946
745997
746270
746307
746417
746989
747782
748801
749289
750490
750723
751086
751962
752565
752916
753425
754467
754960
755085
756368
756891
757650
757832
758023
758571
758644
758874
759256
759852
760034
760457
760646
761735
762114
763074
763620
764100
764200
764522
765087
765762
765989
767164
767557
767578
768141
768162
768890
768969
769307
769600
769645
769783
769920
770295
771409
771438
771706
772002
773518
774017
774120
774715
775980
776080
776205
776496
776891
777074
777843
778450
779078
779350
781563
781655
781928
781981
782047
782225
782954
783123
783320
783325
783660
783749
784673
785155
785319
785553
785692
785694
785876
786628
786688
786906
787091
787320
788020
789753
790118
790622
791031
792038
792878
793650
794435
794707
794921
795695
796052
796072
798494
798646
798886
799185
799585
799780
800725
800763
800802
801483
803192
804163
804171
804943
805573
805728
806399
807069
807797
807985
808177
808320
808780
808888
809496
811400
812017
812215
812753
812798
812811
812857
813273
813589
813773
813944
816353
816434
816637
817293
817632
817941
817993
818394
818471
818704
819150
819375
819591
819944
819968
820254
821478
821702
821757
822127
822387
822762
824243
824489
824549
824743
824752
825495
826480
826932
826969
827006
827224
827536
827675
827992
828256
828884
829318
829450
830742
831427
831856
832063
832158
832187
833312
833517
833760
834019
834602
836104
836369
836632
836764
837650
837881
838248
838336
838423
838999
839260
839536
839585
839868
840103
840935
841336
841528
842456
842562
842844
843715
844008
844625
846355
847147
847172
848783
848849
849868
850366
850924
851384
851421
852085
852328
852820
853132
853480
853957
854291
854420
854453
854464
855338
856829
856947
857031
857788
857806
858541
858754
858853
859232
859798
860772
861322
862225
862355
862928
863323
864421
865578
866286
866299
866442
866637
867172
867326
868003
868587
868733
869003
870115
871663
871833
872528
872557
873911
874420
874639
875139
875352
875446
875608
875684
875987
876577
876596
876787
876801
877661
878041
878275
879248
880049
880490
880793
882124
883381
884248
884257
884645
884949
885213
885810
886095
887271
888096
888364
889219
889475
889527
889907
890172
890240
890669
891524
891578
891844
892788
894455
894756
896523
896813
899540
900169
901392
901756
901891
902076
902670
903358
904613
905247
905515
905685
907767
907781
908174
908268
908461
908800
909476
909912
910322
910653
913089
913438
913596
913637
913687
913695
914144
914624
915148
915322
916078
916207
917403
917422
917830
918437
918930
919754
919914
920147
920304
920889
922400
923346
923808
925014
925695
925872
927134
928343
929118
929481
930163
930638
931216
931230
931619
933505
934370
934975
935027
935141
935228
935560
935670
936155
937788
937846
942255
942427
943751
943753
944292
944406
945411
946154
946721
946836
946853
949888
950182
950434
951112
952382
952513
952847
953850
954072
954130
954399
954717
955179
955259
955426
955578
955773
956494
957033
957385
957892
958423
958696
961193
961222
961606
962298
962391
962437
962740
962889
963319
963949
964105
964548
966846
967104
967225
967291
967974
970554
971504
971663
972171
972225
972262
972778
972862
974637
975878
975917
976005
976576
976685
977214
977744
979564
980096
980267
980441
980649
980855
981153
981663
981739
981978
982030
984317
984364
985269
985304
985776
985949
986051
986761
987070
987325
987621
988046
988331
988581
989467
989557
989960
991474
991867
992342
992640
993267
994785
994790
995032
996028
996430
996476
996656
996891
997165
997343
997944
998106
998294
998650
998745
999768